0200001
Phạm Hoàng Hương Ái
04
11
2002
6.60
6.25
6.67
-1
5.75
7.00
7.25
-1
-1
-1
5.20
0200002
Đặng Huỳnh Vĩnh An
13
12
2002
8.20
7.75
7.58
-1
7.00
7.25
8.50
-1
-1
-1
7.00
0200003
Lâm Nguyễn Mộng Thùy An
06
04
2001
6.80
6.75
6.92
-1
4.75
7.75
8.25
-1
-1
-1
6.00
0200004
Lê Tiêu Hoàng An
18
11
2002
7.80
6.25
-1
6.25
-1
-1
-1
7.00
5.50
-1
5.60
0200005
Lư Thuận An
14
01
2002
6.40
6.50
-1
6.17
-1
-1
-1
5.50
6.75
-1
8.20
0200006
Mai Bình An
14
06
2002
6.80
7.50
7.58
-1
6.75
7.50
8.50
-1
-1
-1
-1
0200007
Mai Xuân An
16
03
2002
8.40
8.25
-1
6.67
-1
-1
-1
5.25
7.50
-1
6.40
0200008
Nguyễn Huỳnh Khánh An
28
07
2002
6.80
7.00
-1
4.33
-1
-1
-1
3.50
5.00
-1
4.40
0200009
Nguyễn Trần Hòa An
14
11
2002
7.20
8.00
7.92
-1
6.75
8.25
8.75
-1
-1
-1
8.40
0200010
Nguyễn Vương Thùy An
14
08
2002
8.40
7.75
-1
6.33
-1
-1
-1
4.00
8.00
-1
6.40
0200011
Phạm Thị Hồng An
11
03
2002
6.40
7.75
7.08
-1
6.25
6.50
8.50
-1
-1
-1
5.20
0200012
Tý Thiều Thuận An
28
09
2002
8.00
5.25
8.17
-1
7.25
8.00
9.25
-1
-1
-1
8.20
0200013
Võ Thiên An
27
03
2002
8.40
5.75
-1
7.08
-1
-1
-1
5.75
7.75
-1
5.80
0200014
Vũ Thanh An
19
11
2002
8.40
7.50
7.67
-1
8.00
7.25
7.75
-1
-1
-1
9.20
0200015
Bùi Nguyễn Minh Anh
18
03
2002
8.20
6.75
-1
6.08
-1
-1
-1
5.25
6.25
-1
8.60
0200016
Bùi Thụy Quỳnh Anh
24
07
2002
8.60
6.75
-1
6.17
-1
-1
-1
5.50
6.25
-1
7.20
0200017
Bùi Trần Lan Anh
11
03
2002
8.60
6.75
-1
7.42
-1
-1
-1
7.75
7.25
-1
8.80
0200018
Cao Ngọc Phương Anh
06
06
2002
8.00
6.50
5.92
-1
3.75
6.50
7.50
-1
-1
-1
8.00
0200019
Châu Xuân Anh
30
09
2002
8.20
4.50
-1
7.33
-1
-1
-1
7.75
6.00
-1
7.20
0200020
Chung Vũ Thúy Anh
08
03
2002
8.40
6.25
-1
5.75
-1
-1
-1
5.25
6.75
-1
7.40
0200021
Dương Hoàng Tuấn Anh
11
09
2002
7.40
6.25
-1
6.67
-1
-1
-1
5.50
6.00
-1
7.00
0200022
Đào Quỳnh Anh
11
06
2002
8.80
6.00
-1
5.92
-1
-1
-1
5.75
8.00
-1
6.40
0200023
Đặng Minh Phi Anh
24
11
2002
7.40
6.50
-1
5.58
-1
-1
-1
5.00
5.75
-1
4.80
0200024
Hà Lê Kiều Anh
03
10
2002
7.20
8.00
-1
5.75
-1
-1
-1
6.25
7.75
-1
5.40
0200025
Hà Quỳnh Anh
29
06
2002
8.40
8.00
6.83
-1
5.75
7.25
7.50
-1
-1
-1
8.40
0200026
Hoàng Kỳ Anh
26
06
2002
8.20
7.00
6.92
-1
6.25
7.00
7.50
-1
-1
-1
6.60
0200027
Hồ Minh Anh
15
12
2002
7.60
7.00
-1
6.58
-1
-1
-1
5.00
6.25
-1
6.40
0200028
Hồ Thúy Anh
11
12
2002
7.60
7.00
-1
6
-1
-1
-1
5.25
5.50
-1
6.60
0200029
Huỳnh Duy Anh
22
11
2002
7.80
5.25
-1
7.67
-1
-1
-1
7.50
7.25
-1
7.00
0200030
Huỳnh Đoàn Minh Anh
13
09
2002
8.20
7.50
-1
7.92
-1
-1
-1
7.50
7.75
-1
-1
0200031
Lã Minh Anh
19
08
2002
7.80
7.50
6.17
-1
5.25
5.00
8.25
-1
-1
-1
6.80
0200032
Lê Đan Quỳnh Anh
03
02
2002
7.80
8.00
6.92
-1
5.00
7.75
8.00
-1
-1
-1
7.60
0200033
Lê Hoàn Minh Anh
04
01
2002
8.40
7.25
7.33
-1
7.00
7.00
8.00
-1
-1
-1
7.00
0200034
Lê Ngọc Quỳnh Anh
27
06
2002
7.80
6.50
-1
5.92
-1
-1
-1
3.00
7.50
-1
-1
0200035
Lê Nguyễn Duy Anh
21
02
2002
6.80
5.50
6.08
-1
4.00
7.00
7.25
-1
-1
-1
5.00
0200036
Lê Nữ Hoàng Anh
20
08
2002
7.60
6.00
-1
7.17
-1
-1
-1
6.75
7.50
-1
7.40
0200037
Ngô Quế Anh
16
01
2002
7.20
5.50
6.08
-1
5.00
5.50
7.75
-1
-1
-1
5.00
0200038
Nguyễn Cao Phương Anh
11
12
2002
7.80
7.00
7.42
-1
7.25
7.50
7.50
-1
-1
-1
6.80
0200039
Nguyễn Đắc Ngọc Anh
20
05
2002
7.20
7.00
6.08
-1
4.00
6.50
7.75
-1
-1
-1
5.20
0200040
Nguyễn Đặng Minh Anh
02
07
2002
8.20
6.75
-1
6.75
-1
-1
-1
4.75
8.25
-1
5.20
0200041
Nguyễn Hà Minh Anh
08
11
2002
6.80
6.75
-1
6.67
-1
-1
-1
5.75
7.25
-1
7.40
0200042
Nguyễn Hoàng Hải Anh
08
11
2002
8.20
7.00
-1
5
-1
-1
-1
3.00
7.25
-1
8.20
0200043
Nguyễn Hoàng Vân Anh
18
04
2002
7.40
7.25
-1
5.83
-1
-1
-1
3.25
7.25
-1
6.80
0200044
Nguyễn Hữu Tuyết Anh
04
09
2002
8.20
6.50
-1
5.75
-1
-1
-1
5.75
4.75
-1
5.40
0200045
Nguyễn Lê Quốc Anh
13
12
2002
7.60
6.25
-1
5.25
-1
-1
-1
4.75
6.50
-1
8.00
0200046
Nguyễn Minh Anh
15
06
2002
8.20
6.75
-1
5.67
-1
-1
-1
4.50
6.50
-1
4.20
0200047
Nguyễn Minh Anh
21
12
2002
8.60
6.75
-1
6.33
-1
-1
-1
5.25
7.50
-1
6.00
0200048
Nguyễn Ngọc Thảo Anh
09
10
2002
6.60
7.00
5.33
-1
4.50
4.75
6.75
-1
-1
-1
6.20
0200049
Nguyễn Phước Thùy Anh
18
06
2002
7.80
8.25
7.42
-1
6.25
6.75
9.25
-1
-1
-1
-1
0200050
Nguyễn Phương Anh
15
12
2002
8.00
7.75
-1
5.67
-1
-1
-1
2.75
8.25
-1
7.40
0200051
Nguyễn Thế Như Anh
22
10
2002
7.60
7.25
5.58
-1
3.75
6.00
7.00
-1
-1
-1
7.40
0200052
Nguyễn Thị Quỳnh Anh
27
12
2002
8.60
7.25
-1
6.75
-1
-1
-1
5.75
8.00
-1
8.80
0200053
Nguyễn Thụy Ngọc Anh
12
08
2002
6.80
6.75
7.83
-1
6.75
7.25
9.50
-1
-1
-1
8.40
0200054
Nguyễn Trần Kim Anh
31
03
2002
9.20
6.50
-1
6.75
-1
-1
-1
6.25
8.00
-1
7.00
0200055
Nguyễn Trần Quỳnh Anh
23
11
2002
8.80
7.25
-1
6.33
-1
-1
-1
4.75
6.75
-1
8.60
0200056
Nguyễn Tuấn Anh
12
09
2002
8.60
7.25
-1
6.33
-1
-1
-1
4.75
8.00
-1
6.60
0200057
Nguyễn Vũ Quỳnh Anh
12
06
2002
7.00
6.50
6.83
-1
6.50
6.00
8.00
-1
-1
-1
6.20
0200058
Phạm Đức Anh
25
10
2002
8.20
6.75
-1
6.5
-1
-1
-1
3.75
8.25
-1
6.00
0200059
Phạm Giang Tú Anh
23
12
2002
8.40
7.50
7.92
-1
7.75
7.00
9.00
-1
-1
-1
8.20
0200060
Phạm Hoàng Anh
08
03
2002
6.60
4.25
-1
6
-1
-1
-1
6.50
5.00
-1
7.40
0200061
Phạm Hồng Anh
30
09
2002
5.20
6.75
4.83
-1
2.75
5.50
6.25
-1
-1
-1
4.00
0200062
Phạm Quế Anh
26
04
2002
6.60
7.25
-1
6.25
-1
-1
-1
6.00
6.00
-1
4.60
0200063
Phạm Quỳnh Diễm Anh
26
06
2002
6.20
7.00
6.5
-1
5.25
6.50
7.75
-1
-1
-1
7.00
0200064
Phạm Thị Mỹ Anh
30
10
2002
8.20
7.75
-1
6.42
-1
-1
-1
5.75
7.50
-1
7.80
0200065
Tiến Nguyễn Vân Anh
05
12
2002
7.80
8.25
-1
5.58
-1
-1
-1
5.00
5.25
-1
8.20
0200066
Tô Tuyết Anh
09
09
2002
7.00
7.00
-1
7.08
-1
-1
-1
6.00
7.75
-1
6.20
0200067
Trần Đào Hoàng Anh
23
04
2002
7.00
5.50
-1
7.17
-1
-1
-1
7.25
7.75
-1
7.20
0200068
Trần Đông Anh
05
02
2002
8.40
6.50
-1
5.67
-1
-1
-1
3.75
7.25
-1
9.60
0200069
Trần Hồng Anh
14
10
2002
7.60
8.00
-1
6.25
-1
-1
-1
5.75
5.50
-1
5.80
0200070
Trần Nguyễn Minh Anh
06
12
2002
7.00
6.00
6.5
-1
4.50
6.50
8.50
-1
-1
-1
5.60
0200071
Trần Nguyễn Phương Anh
20
12
2002
6.20
6.25
-1
5.08
-1
-1
-1
3.75
6.50
-1
7.40
0200072
Trần Tuyết Anh
15
11
2002
8.40
7.75
-1
7.17
-1
-1
-1
5.50
8.00
-1
7.80
0200073
Trần Vũ Quỳnh Anh
09
04
2002
9.00
8.50
-1
7.33
-1
-1
-1
7.75
7.50
-1
6.40
0200074
Hà Minh Ánh
03
07
2002
8.60
8.00
-1
6.92
-1
-1
-1
6.75
5.75
-1
7.20
0200075
Huỳnh Minh Ánh
03
06
2002
7.60
8.00
-1
6.83
-1
-1
-1
5.50
7.25
-1
6.40
0200076
Nguyễn Arina
23
12
2002
8.20
8.50
7.92
-1
7.25
7.50
9.00
-1
-1
-1
8.20
0200077
Hàng Mỹ Ân
23
08
2002
7.20
7.50
-1
6.33
-1
-1
-1
5.50
6.75
-1
5.80
0200078
Hoàng Phúc Hồng Ân
07
04
2002
7.80
7.00
7.5
-1
5.75
8.25
8.50
-1
-1
-1
7.00
0200079
Nguyễn Hồng Ân
13
12
2002
7.40
7.50
7.17
-1
6.25
6.50
8.75
-1
-1
-1
7.00
0200080
Phạm Thiên Ân
10
08
2002
5.20
5.50
5.75
-1
3.75
6.00
7.50
-1
-1
-1
5.80
0200081
Dương Thành Bách
21
03
2002
8.60
5.50
-1
6.5
-1
-1
-1
7.25
6.75
-1
8.40
0200082
Nguyễn Lê Gia Bách
12
07
2002
8.40
6.50
-1
5.75
-1
-1
-1
4.25
7.00
-1
7.20
0200083
Nguyễn Trường Bách
15
01
2002
7.60
7.00
-1
5.33
-1
-1
-1
5.50
4.75
-1
7.20
0200084
Nguyễn Vương Bách
27
03
2002
7.60
5.50
-1
6.58
-1
-1
-1
6.50
7.50
-1
9.20
0200085
Chung Đức Bảo
08
12
2002
7.80
6.50
7.17
-1
5.25
7.25
9.00
-1
-1
-1
7.20
0200086
Đặng Hoài Bảo
30
01
2002
6.20
7.00
-1
5.08
-1
-1
-1
6.25
4.00
-1
6.00
0200087
Huỳnh Tấn Bảo
11
12
2002
6.60
7.00
7.75
-1
6.25
8.00
9.00
-1
-1
-1
7.80
0200088
Lưu Gia Bảo
10
04
2001
8.00
6.50
-1
5.92
-1
-1
-1
5.25
7.25
-1
5.80
0200089
Nguyễn Hoàng Gia Bảo
21
10
2002
9.00
6.25
-1
7.92
-1
-1
-1
6.25
9.00
-1
6.80
0200090
Nguyễn Huy Bảo
29
06
2002
7.60
6.50
-1
5.75
-1
-1
-1
5.50
5.00
-1
7.20
0200091
Nguyễn Quốc Bảo
16
02
2002
4.80
5.75
3.83
-1
2.50
4.25
4.75
-1
-1
-1
5.80
0200092
Nguyễn Quốc Bảo
21
06
2002
6.80
5.00
-1
3.92
-1
-1
-1
2.50
6.00
-1
7.00
0200093
Nguyễn Việt Gia Bảo
17
10
2002
9.20
5.25
-1
6.67
-1
-1
-1
5.50
7.50
-1
9.20
0200094
Phan Nguyên Bảo
06
03
2002
7.00
6.00
-1
5.33
-1
-1
-1
5.50
4.75
-1
5.00
0200095
Phan Phúc Bảo
29
07
2002
8.00
7.00
-1
6.75
-1
-1
-1
4.25
8.00
-1
6.00
0200096
Thái Gia Bảo
06
06
2001
8.80
7.00
-1
6.5
-1
-1
-1
6.25
7.50
-1
5.40
0200097
Trần Duy Bảo
27
05
2002
8.80
6.50
-1
5.83
-1
-1
-1
4.75
7.50
-1
8.40
0200098
Trần Gia Bảo
03
08
2002
5.60
5.75
6.58
-1
5.50
6.25
8.00
-1
-1
-1
6.40
0200099
Trần Gia Bảo
23
01
2002
9.40
6.50
-1
7
-1
-1
-1
6.50
7.75
-1
9.00
0200100
Mạnh Thị Ngọc Bích
09
07
2002
8.20
7.50
7.42
-1
6.75
7.25
8.25
-1
-1
-1
8.20
0200101
Doãn Xuân Hòa Bình
30
04
2002
7.80
6.75
-1
5.5
-1
-1
-1
4.25
5.75
-1
7.00
0200102
Hồ Quốc Bình
24
04
2002
8.40
6.25
-1
6.92
-1
-1
-1
6.75
7.75
-1
7.00
0200103
Mai Đăng Bình
13
08
2002
8.20
6.50
7.42
-1
7.50
6.75
8.00
-1
-1
-1
-1
0200104
Nguyễn Ánh Bình
25
10
2002
8.00
6.00
-1
6.83
-1
-1
-1
6.00
6.75
-1
6.80
0200105
Nguyễn Khánh Bình
19
03
2002
8.20
5.50
-1
6.17
-1
-1
-1
7.25
3.75
-1
7.20
0200106
Nguyễn Thanh Bình
01
06
2002
8.20
6.00
-1
6.33
-1
-1
-1
4.00
8.00
-1
7.80
0200107
Trần Quốc Bình
27
02
2002
6.60
4.00
-1
5.67
-1
-1
-1
6.00
7.75
-1
4.40
0200108
Trần Thanh Bình
07
01
2002
8.60
6.75
-1
7.92
-1
-1
-1
7.75
8.25
-1
6.40
0200109
Lâm Bửu Châu
11
10
2002
7.80
6.50
-1
6.17
-1
-1
-1
5.25
5.00
-1
6.20
0200110
Lê Minh Châu
08
04
2002
7.80
7.25
7.67
-1
5.50
8.00
9.50
-1
-1
-1
8.00
0200111
Lương Bảo Châu
06
09
2002
8.60
7.25
-1
6.75
-1
-1
-1
6.25
6.00
-1
5.00
0200112
Lưu Khánh Châu
23
01
2002
7.60
6.75
7.83
-1
6.50
8.25
8.75
-1
-1
-1
7.60
0200113
Nguyễn Bảo Châu
12
04
2002
6.80
7.50
7.25
-1
5.75
8.00
8.00
-1
-1
-1
8.60
0200114
Nguyễn Đức Bảo Châu
22
03
2002
6.00
7.00
6.92
-1
5.50
6.75
8.50
-1
-1
-1
6.60
0200115
Nguyễn Hoàng Minh Châu
14
03
2002
8.20
7.25
8.25
-1
7.00
8.50
9.25
-1
-1
-1
8.20
0200116
Nguyễn Minh Châu
24
06
2002
8.60
7.50
-1
7.08
-1
-1
-1
6.00
7.25
-1
6.60
0200117
Trần Ngọc Bảo Châu
12
01
2002
8.40
7.50
-1
6.92
-1
-1
-1
6.25
7.50
-1
8.00
0200118
Võ Trân Châu
28
10
2002
7.20
7.00
7.67
-1
8.00
7.50
7.50
-1
-1
-1
5.40
0200119
Yin Minh Châu
06
09
2002
8.80
4.25
-1
6.5
-1
-1
-1
7.00
4.50
-1
8.60
0200120
Bùi Huyền Chi
22
07
2002
7.40
6.25
-1
5.83
-1
-1
-1
5.00
6.00
-1
7.20
0200121
Chu Ngọc Phương Chi
11
03
2002
5.60
8.25
7.25
-1
5.75
7.75
8.25
-1
-1
-1
6.20
0200122
Lê Linh Chi
21
07
2002
7.80
8.25
-1
5.5
-1
-1
-1
4.25
4.50
-1
7.40
0200123
Trần Sử Phương Chi
26
10
2002
5.60
6.75
6.75
-1
5.00
7.25
8.00
-1
-1
-1
-1
0200124
Trịnh Anh Chiến
22
05
2002
8.40
7.00
-1
4.67
-1
-1
-1
4.00
3.75
-1
-1
0200125
Hà Vũ Chương
22
07
2002
8.80
5.75
-1
6.83
-1
-1
-1
6.25
8.25
-1
6.60
0200126
Nguyễn Văn Thanh Chương
05
09
2002
8.00
7.50
-1
5.58
-1
-1
-1
4.75
6.75
-1
-1
0200127
Nguyễn Trọng Công
21
05
2002
7.20
7.25
7.67
-1
6.25
7.75
9.00
-1
-1
-1
5.60
0200128
Phạm Thành Công
06
04
2002
7.20
6.25
-1
6
-1
-1
-1
6.00
7.25
-1
7.00
0200129
Bùi Thiên Cơ
17
05
2002
7.60
6.50
7.08
-1
6.00
6.50
8.75
-1
-1
-1
4.00
0200130
Du Vĩ Cơ
02
06
2001
6.60
6.25
-1
5
-1
-1
-1
4.75
5.50
-1
5.40
0200131
Hà Mạnh Cường
18
09
2002
9.60
7.50
-1
7.92
-1
-1
-1
7.00
8.25
-1
8.20
0200132
Lê Huỳnh Quốc Cường
23
04
2001
5.00
6.50
5.92
-1
5.00
4.00
8.75
-1
-1
-1
4.00
0200133
Mai Viết Cường
31
01
2002
8.20
7.25
-1
6
-1
-1
-1
4.75
6.00
-1
9.60
0200134
Nguyễn Trần Mạnh Cường
23
10
2002
6.60
6.75
-1
5.42
-1
-1
-1
4.50
6.75
-1
6.40
0200135
Vũ Nguyễn Chí Cường
30
08
2002
8.60
6.75
6.67
-1
6.25
6.50
7.25
-1
-1
-1
8.20
0200136
Mai Thành Danh
30
12
2002
8.00
6.16
-1
6.08
-1
-1
-1
5.25
6.00
-1
4.40
0200137
Nguyễn Thành Danh
03
04
2002
7.40
7.00
-1
5.75
-1
-1
-1
4.50
7.25
-1
6.80
0200138
Đinh Thụy Hoàng Dung
16
11
2002
7.40
6.25
-1
5.75
-1
-1
-1
5.75
5.75
-1
5.40
0200139
Nguyễn Phương Dung
26
04
2002
8.20
7.75
-1
7.17
-1
-1
-1
5.25
9.00
-1
5.60
0200140
Nguyễn Thị Hồng Dung
06
12
2002
6.00
7.00
5.83
-1
4.25
6.00
7.25
-1
-1
-1
2.40
0200141
Trần Minh Thùy Dung
08
11
2002
7.20
7.00
-1
5.58
-1
-1
-1
4.75
5.50
-1
4.80
0200142
Trần Quỳnh Dung
07
03
2002
6.80
7.25
7.42
-1
6.25
7.00
9.00
-1
-1
-1
6.20
0200143
Vũ Thùy Dung
09
09
2002
7.80
7.00
-1
6.92
-1
-1
-1
5.50
7.25
-1
6.20
0200144
Nguyễn Tuấn Dũng
19
03
2002
5.60
6.00
6.58
-1
4.75
6.50
8.50
-1
-1
-1
5.40
0200145
Trần Nguyễn Hoàng Dũng
04
07
2002
8.80
6.00
-1
6.75
-1
-1
-1
6.25
8.75
-1
8.40
0200146
Trần Quốc Dũng
11
11
2002
7.00
6.00
-1
6.08
-1
-1
-1
6.50
5.25
-1
5.00
0200147
Trần Trương Hoàng Dũng
16
03
2002
8.60
5.75
-1
5.67
-1
-1
-1
4.75
6.00
-1
3.80
0200148
Ngô Quốc Dụng
28
04
2002
8.00
7.50
-1
5.75
-1
-1
-1
5.00
6.75
-1
4.80
0200149
Bùi Khánh Duy
03
09
2002
8.00
7.00
-1
5.17
-1
-1
-1
4.75
4.75
-1
9.00
0200150
Đào Hoàng Duy
14
08
2002
8.20
7.50
-1
5.25
-1
-1
-1
4.50
6.25
-1
7.60
0200151
Lê Trần Bảo Duy
12
11
2002
5.40
6.75
5.42
-1
2.75
6.50
7.00
-1
-1
-1
5.40
0200152
Nguyễn Tiến Hoàng Duy
18
03
2002
7.40
7.50
7.67
-1
7.50
7.25
8.25
-1
-1
-1
6.80
0200153
Nguyễn Trần Minh Duy
10
02
2002
7.60
7.50
6.58
-1
5.75
6.75
7.25
-1
-1
-1
9.40
0200154
Nguyễn Trương Nhật Duy
15
11
2001
6.20
3.50
6.58
-1
4.75
6.75
8.25
-1
-1
-1
6.80
0200155
Phạm Anh Duy
24
03
2002
8.40
7.50
-1
5.5
-1
-1
-1
4.75
5.75
-1
4.60
0200156
Phạm Thanh Duy
08
05
2002
8.60
7.00
-1
6.92
-1
-1
-1
4.75
8.00
-1
5.00
0200157
Phan Duy
02
06
2002
8.20
7.50
-1
7.08
-1
-1
-1
7.00
5.75
-1
5.00
0200158
Phan Trần Bảo Duy
09
11
2002
7.40
7.25
-1
5.5
-1
-1
-1
4.75
4.50
-1
7.80
0200159
Trần Đức Duy
08
02
2002
9.40
7.25
-1
7.17
-1
-1
-1
5.50
8.25
-1
7.40
0200160
Trần Hoàng Bá Duy
20
03
2002
8.40
5.50
-1
5.42
-1
-1
-1
4.75
6.50
-1
6.60
0200161
Trần Hoàng Duy
13
09
2002
7.00
6.75
-1
5.17
-1
-1
-1
4.75
5.25
-1
6.40
0200162
Trần Lê Duy
26
02
2002
8.80
6.50
-1
6.33
-1
-1
-1
5.25
7.00
-1
6.60
0200163
Trịnh Nhật Duy
10
10
2002
8.80
6.75
-1
7.33
-1
-1
-1
5.75
9.00
-1
9.00
0200164
Đỗ Trịnh Mỹ Duyên
07
10
2002
8.20
6.50
-1
6.75
-1
-1
-1
5.50
7.00
-1
5.40
0200165
Huỳnh Đỗ Kỳ Duyên
05
10
2002
8.80
8.25
-1
4.92
-1
-1
-1
5.25
3.75
-1
7.80
0200166
Lê Mỹ Duyên
01
06
2002
8.00
7.00
-1
7.42
-1
-1
-1
7.25
7.00
-1
4.80
0200167
Lư Mỹ Duyên
11
05
2002
8.00
6.75
-1
6.58
-1
-1
-1
5.75
6.75
-1
5.60
0200168
Nguyễn Hoàng Mỹ Duyên
18
10
2002
8.40
8.00
6.83
-1
5.25
6.00
9.25
-1
-1
-1
8.60
0200169
Nguyễn Phương Duyên
21
09
2002
8.80
7.00
-1
6.33
-1
-1
-1
4.00
7.75
-1
7.80
0200170
Nguyễn Thùy Duyên
20
05
2002
8.40
8.25
7.08
-1
5.00
7.25
9.00
-1
-1
-1
6.60
0200171
Trương Thùy Kỳ Duyên
23
10
2002
8.60
5.67
-1
6.17
-1
-1
-1
4.00
7.50
-1
8.00
0200172
Nguyễn Đăng Dự
27
05
2002
8.20
7.25
6.33
-1
4.75
7.25
7.00
-1
-1
-1
5.60
0200173
Lê Duy Dương
07
02
2002
8.80
6.75
-1
7.75
-1
-1
-1
7.00
8.00
-1
-1
0200174
Ngô Thị Thùy Dương
23
09
2002
9.00
7.75
-1
7.5
-1
-1
-1
5.50
8.75
-1
7.60
0200175
Nguyễn Thị Thùy Dương
03
01
2002
8.20
8.00
7.42
-1
7.00
7.75
7.50
-1
-1
-1
6.00
0200176
Đinh Quảng Đại
11
08
2002
8.60
7.00
-1
6.42
-1
-1
-1
6.50
6.75
-1
8.80
0200177
Nguyễn Hoàng Mai Đan
29
06
2002
7.80
7.00
7.67
-1
7.50
7.00
8.50
-1
-1
-1
7.20
0200178
Nguyễn Ngọc Linh Đan
11
10
2002
9.20
6.50
-1
6.75
-1
-1
-1
6.50
7.75
-1
7.80
0200179
Phan Vũ Quỳnh Đan
23
08
2002
8.60
7.00
-1
7.08
-1
-1
-1
6.50
7.75
-1
9.20
0200180
Trần Nguyễn Thanh Đan
15
02
2002
7.00
6.00
6.08
-1
5.50
5.50
7.25
-1
-1
-1
4.20
0200181
Lê Võ Trúc Đào
20
02
2002
8.60
6.50
-1
5.83
-1
-1
-1
3.50
6.75
-1
5.60
0200182
Bùi Phát Đạt
17
05
2002
7.00
7.00
7
-1
6.50
7.00
7.50
-1
-1
-1
7.80
0200183
Bùi Tấn Đạt
19
04
2002
7.80
7.50
-1
5.67
-1
-1
-1
4.50
7.00
-1
8.80
0200184
Châu Tấn Đạt
14
11
2002
8.40
4.25
-1
6.33
-1
-1
-1
6.50
7.50
-1
8.80
0200185
Dương Tấn Đạt
16
05
2002
8.40
6.25
-1
6.42
-1
-1
-1
4.75
8.25
-1
7.20
0200186
Huỳnh Phát Đạt
31
05
2002
7.80
7.25
-1
5.58
-1
-1
-1
5.25
6.75
-1
6.60
0200187
Lê Tất Thành Đạt
18
10
2002
8.20
6.50
-1
6.83
-1
-1
-1
5.00
8.25
-1
5.20
0200188
Lương Thành Đạt
16
08
2002
8.40
7.50
-1
6.25
-1
-1
-1
5.25
8.00
-1
8.20
0200189
Mai Thành Đạt
26
12
2002
8.20
5.75
-1
5.75
-1
-1
-1
5.75
6.75
-1
6.80
0200190
Nguyễn Lê Đạt
20
06
2002
7.80
6.00
-1
5
-1
-1
-1
5.00
5.50
-1
8.40
0200191
Nguyễn Thành Đạt
12
11
2002
9.20
6.00
-1
6.5
-1
-1
-1
4.75
7.25
-1
6.60
0200192
Nguyễn Tiến Đạt
04
09
2002
8.40
4.75
-1
5.25
-1
-1
-1
3.50
7.25
-1
7.40
0200193
Thái Tấn Đạt
15
01
2002
7.60
6.25
-1
5.92
-1
-1
-1
5.75
6.75
-1
7.60
0200194
Trương Tiến Đạt
26
08
2002
7.40
6.75
-1
6.75
-1
-1
-1
6.50
6.25
-1
7.20
0200195
Vũ Thành Đạt
16
10
2002
8.20
7.50
-1
7
-1
-1
-1
6.25
7.00
-1
7.00
0200196
Lê Mạnh Quang Đăng
10
10
2002
8.20
7.00
-1
6
-1
-1
-1
5.00
7.00
-1
6.60
0200197
Lữ Quốc Đăng
03
04
2002
5.40
5.75
5.17
-1
3.75
5.25
6.50
-1
-1
-1
3.20
0200198
Nguyễn Thanh Đăng
20
04
2002
5.20
7.00
-1
5.58
-1
-1
-1
5.00
7.00
-1
6.20
0200199
Ninh Hải Đăng
16
07
2002
8.60
7.50
-1
5.58
-1
-1
-1
3.50
8.25
-1
8.40
0200200
Phạm Huỳnh Đăng
24
09
2002
7.40
7.00
7.83
-1
8.25
7.25
8.00
-1
-1
-1
9.20
0200201
Trịnh Kim Hải Đăng
08
01
2002
7.80
7.00
-1
4.67
-1
-1
-1
5.00
3.50
-1
7.80
0200202
Lê Hồ Điệp
24
01
2002
8.00
6.75
9.25
-1
9.25
9.00
9.50
-1
-1
-1
6.40
0200203
Nguyễn Lê Vân Đình
18
09
2002
7.60
7.00
5.75
-1
3.50
6.75
7.00
-1
-1
-1
6.20
0200204
Trần Chánh Quốc Định
20
11
2002
7.60
6.50
-1
7.08
-1
-1
-1
5.25
7.75
-1
6.20
0200205
Hồng Việt Minh Đoan
08
05
2002
7.80
6.75
-1
6.67
-1
-1
-1
7.00
5.75
-1
6.60
0200206
Lê Văn Phổ Độ
08
07
2002
8.20
6.00
-1
7.25
-1
-1
-1
6.25
7.75
-1
7.20
0200207
Vũ Lâm Đông Đông
11
12
2002
7.60
6.75
-1
7.25
-1
-1
-1
5.00
8.25
-1
6.60
0200208
Bùi Hữu Đức
28
02
2002
8.20
6.75
-1
6.33
-1
-1
-1
5.50
7.50
-1
8.20
0200209
Dương Huỳnh Đức
26
12
2002
7.80
5.50
-1
5.75
-1
-1
-1
6.00
4.50
-1
7.00
0200210
Đinh Anh Đức
16
02
2002
9.00
6.75
7.67
-1
7.50
7.25
8.25
-1
-1
-1
8.80
0200211
Lê Minh Đức
28
12
2001
9.00
7.00
-1
7.25
-1
-1
-1
6.00
7.75
-1
7.60
0200212
Mã Minh Đức
06
10
2002
5.80
6.00
6.42
-1
6.25
6.00
7.00
-1
-1
-1
4.60
0200213
Nguyễn Minh Đức
11
03
2002
8.20
6.00
-1
5.92
-1
-1
-1
4.25
6.75
-1
5.60
0200214
Nguyễn Quang Đức
19
10
2002
8.00
7.00
7.67
-1
6.75
7.75
8.50
-1
-1
-1
8.40
0200215
Phan Hiển Minh Đức
28
06
2002
8.60
9.00
8.92
-1
9.25
8.75
8.75
-1
-1
-1
6.00
0200216
Tạ Anh Đức
14
02
2002
9.20
6.75
-1
7.25
-1
-1
-1
5.50
7.75
-1
-1
0200217
Trần Ngô Minh Đức
07
08
2002
9.20
4.00
-1
6.42
-1
-1
-1
6.50
7.25
-1
8.20
0200218
Trịnh Di Đức
17
12
2002
8.20
6.50
-1
7.58
-1
-1
-1
7.25
7.50
-1
6.00
0200219
Trịnh Hoàng Anh Đức
04
11
2002
8.20
6.50
-1
5.58
-1
-1
-1
4.25
7.25
-1
7.80
0200220
Du Thành Được
06
10
2002
6.60
5.50
-1
5.75
-1
-1
-1
5.50
6.00
-1
3.00
0200221
Lương Gia Gia
04
05
2002
8.00
6.75
-1
6.25
-1
-1
-1
6.25
5.25
-1
8.80
0200222
Nguyễn Hứa Quỳnh Giang
10
08
2002
8.60
7.50
-1
6.08
-1
-1
-1
5.25
7.50
-1
8.80
0200223
Nguyễn Minh Giang
28
04
2002
6.80
7.00
-1
6.58
-1
-1
-1
5.50
6.50
-1
8.20
0200224
Nguyễn Thị Trúc Giang
09
08
2002
7.60
7.75
7.58
-1
6.75
7.50
8.50
-1
-1
-1
8.20
0200225
Nguyễn Trường Giang
10
11
2002
7.80
7.25
-1
6.17
-1
-1
-1
5.75
6.75
-1
7.20
0200226
Phạm Hồng Quỳnh Giang
16
07
2002
8.20
6.00
-1
6.92
-1
-1
-1
7.50
5.50
-1
6.00
0200227
Trần Lâm Thùy Giang
19
06
2002
8.60
7.00
-1
5.33
-1
-1
-1
4.25
6.50
-1
6.60
0200228
Võ Trà Giang
17
04
2002
8.00
4.75
-1
6.58
-1
-1
-1
5.00
7.75
-1
6.80
0200229
Phạm Ngọc Ngân Hà
18
06
2002
6.40
7.00
7.67
-1
5.50
8.25
9.25
-1
-1
-1
7.20
0200230
Trần Thu Hà
20
04
2002
8.80
8.00
-1
6.58
-1
-1
-1
4.25
8.00
-1
8.40
0200231
Võ Nguyễn Hạnh Hà
20
10
2002
8.60
8.00
-1
7.67
-1
-1
-1
7.50
7.00
-1
8.40
0200232
Đào Đức Hải
29
03
2002
7.20
6.25
8.75
-1
9.00
8.25
9.00
-1
-1
-1
8.80
0200233
Huỳnh Quang Hải
22
04
2002
6.60
7.75
-1
5.17
-1
-1
-1
5.00
5.50
-1
6.20
0200234
Lâm Ngọc Thanh Hải
16
06
2002
6.80
7.50
-1
3.83
-1
-1
-1
2.75
3.25
-1
7.80
0200235
Lê Hải
14
04
2002
5.00
6.75
5.83
-1
4.75
5.50
7.25
-1
-1
-1
2.20
0200236
Lê Nhật Hải
22
11
2002
8.40
6.00
-1
6.25
-1
-1
-1
5.00
7.75
-1
8.00
0200237
Lê Thanh Hải
19
05
2002
8.00
6.50
-1
6.42
-1
-1
-1
4.50
7.25
-1
7.40
0200238
Nguyễn Trọng Hải
23
12
2002
7.40
7.25
-1
4.67
-1
-1
-1
5.00
3.75
-1
4.40
0200239
Phan Thanh Hải
18
05
2002
8.40
6.75
8.58
-1
8.50
8.25
9.00
-1
-1
-1
7.40
0200240
Trần Văn Hải
06
11
2002
8.80
6.50
-1
6.67
-1
-1
-1
5.50
7.75
-1
7.40
0200241
Vũ Hoàng Hải
30
08
2002
6.00
5.50
7
-1
5.50
7.00
8.50
-1
-1
-1
7.40
0200242
Vũ Viết Hải
30
10
2002
7.20
5.50
-1
6.42
-1
-1
-1
7.50
5.00
-1
6.60
0200243
Vương Hồng Hạnh
12
06
2002
9.20
4.25
-1
7.42
-1
-1
-1
6.25
7.75
-1
6.00
0200244
Kiều Quốc Hào
03
07
2002
8.60
7.25
-1
7
-1
-1
-1
7.25
7.75
-1
6.20
0200245
Lâm Nhật Hào
07
06
2002
4.40
5.25
7
-1
4.75
8.25
8.00
-1
-1
-1
3.60
0200246
Lý Vỹ Hào
18
09
2002
7.80
5.75
-1
6.25
-1
-1
-1
6.25
6.75
-1
5.20
0200247
Nguyễn Nhật Hào
30
04
2002
8.00
6.25
-1
6
-1
-1
-1
4.50
6.00
-1
5.00
0200248
Thái Nhựt Hào
27
05
2002
8.60
7.00
-1
6.08
-1
-1
-1
5.25
6.75
-1
5.80
0200249
Lâm Thanh Hằng
05
07
2002
8.00
7.75
-1
5.33
-1
-1
-1
2.75
7.00
-1
4.60
0200250
Lê Nguyễn Mỹ Hằng
30
10
2002
7.40
7.25
7.33
-1
5.25
7.75
9.00
-1
-1
-1
7.00
0200251
Nguyễn Minh Hằng
15
10
2002
6.80
6.00
7.33
-1
6.00
7.25
8.75
-1
-1
-1
6.60
0200252
Nguyễn Phạm Thuận Hằng
10
04
2002
7.40
7.75
7.92
-1
7.50
8.00
8.25
-1
-1
-1
7.60
0200253
Nguyễn Thị Minh Hằng
26
02
2002
8.00
6.25
6.67
-1
6.25
5.00
8.75
-1
-1
-1
7.00
0200254
Nguyễn Thị Thúy Hằng
18
02
2002
7.80
6.75
-1
6.75
-1
-1
-1
4.75
7.00
-1
7.20
0200255
Trần Thị Thúy Hằng
07
11
2002
8.20
8.25
7.58
-1
7.50
7.50
7.75
-1
-1
-1
6.00
0200256
Hoàng Trần Ngọc Hân
22
10
2002
7.00
7.25
6.17
-1
5.00
6.00
7.50
-1
-1
-1
7.20
0200257
Hồ Gia Hân
05
03
2002
7.40
7.25
-1
6.08
-1
-1
-1
5.50
7.75
-1
8.40
0200258
Huỳnh Đặng Bảo Hân
22
12
2002
8.60
7.75
7.33
-1
7.75
7.25
7.00
-1
-1
-1
9.20
0200259
Kim Gia Hân
22
11
2002
8.00
6.25
-1
6.25
-1
-1
-1
5.00
7.00
-1
5.20
0200260
Lâm Gia Hân
26
11
2002
7.20
6.75
-1
5.42
-1
-1
-1
5.75
5.75
-1
4.80
0200261
Lâm Ngọc Hân
22
11
2002
7.80
6.25
-1
6.33
-1
-1
-1
5.25
7.50
-1
7.20
0200262
Lê Ngọc Gia Hân
22
01
2002
8.00
6.50
-1
7.08
-1
-1
-1
8.00
6.00
-1
8.00
0200263
Lê Thanh Hân
30
03
2002
6.80
6.50
-1
5.42
-1
-1
-1
5.00
6.50
-1
7.20
0200264
Lê Vũ Gia Hân
21
03
2002
7.20
8.00
6.83
-1
4.75
7.75
8.00
-1
-1
-1
7.60
0200265
Ngô Bảo Hân
31
01
2002
8.20
8.00
7.42
-1
7.00
7.25
8.00
-1
-1
-1
8.40
0200266
Ngô Ngọc Gia Hân
17
01
2002
9.00
6.50
-1
6.08
-1
-1
-1
5.25
5.25
-1
6.00
0200267
Nguyễn Hoàng Bảo Hân
08
06
2002
7.60
7.25
5.42
-1
3.25
6.25
6.75
-1
-1
-1
8.40
0200268
Nguyễn Hồ Khả Hân
21
10
2002
8.60
6.75
-1
6.58
-1
-1
-1
5.25
6.50
-1
8.60
0200269
Nguyễn Lê Ngọc Hân
27
03
2002
7.40
4.25
-1
6.75
-1
-1
-1
7.25
4.50
-1
5.80
0200270
Nguyễn Ngọc Hân
04
11
2002
8.20
8.00
6.83
-1
5.50
7.75
7.25
-1
-1
-1
6.20
0200271
Nguyễn Ngọc Hân
24
08
2002
8.20
8.25
-1
6.83
-1
-1
-1
6.75
6.50
-1
6.00
0200272
Nguyễn Ngọc Minh Hân
17
07
2002
8.00
8.00
-1
5.58
-1
-1
-1
4.50
6.50
-1
8.20
0200273
Nguyễn Ngọc Phương Hân
23
03
2002
8.00
7.50
-1
5
-1
-1
-1
4.75
5.25
-1
7.60
0200274
Nguyễn Thục Bảo Hân
20
12
2002
7.60
8.25
7.92
-1
6.75
8.25
8.75
-1
-1
-1
9.60
0200275
Nguyễn Việt Gia Hân
17
10
2002
8.20
6.50
-1
6.25
-1
-1
-1
5.00
7.50
-1
8.60
0200276
Phạm Thụy Gia Hân
20
11
2002
6.40
7.25
-1
6.08
-1
-1
-1
6.00
7.75
-1
5.60
0200277
Phùng Gia Hân
21
04
2002
8.80
7.50
-1
4.58
-1
-1
-1
4.25
5.75
-1
8.00
0200278
Quách Bảo Hân
30
04
2002
8.00
7.00
-1
6.92
-1
-1
-1
6.25
7.50
-1
6.40
0200279
Tạ Vũ Ngọc Hân
17
11
2002
9.60
6.75
-1
7.92
-1
-1
-1
6.25
8.75
-1
7.80
0200280
Tô Bội Hân
30
08
2002
7.40
7.25
-1
6
-1
-1
-1
5.50
6.50
-1
4.80
0200281
Trần Gia Hân
03
05
2002
8.20
7.50
7.25
-1
5.50
7.50
8.75
-1
-1
-1
5.40
0200282
Trần Hoàng Bảo Hân
27
05
2002
8.40
7.50
6.67
-1
5.00
6.75
8.25
-1
-1
-1
7.80
0200283
Trần Lê Ngọc Gia Hân
30
10
2002
8.60
7.75
-1
7.42
-1
-1
-1
6.75
8.75
-1
8.80
0200284
Trần Ngọc Khả Hân
17
05
2002
7.80
7.00
-1
6.75
-1
-1
-1
7.50
6.50
-1
6.80
0200285
Nhang Thị Mỹ Hậu
09
06
2002
8.00
8.00
-1
6.92
-1
-1
-1
6.25
6.00
-1
7.60
0200286
Lê Thị Thúy Hiền
22
03
2002
6.00
4.25
6.17
-1
3.75
6.25
8.50
-1
-1
-1
4.80
0200287
Nguyễn Thị Ngọc Hiền
15
01
2002
6.40
7.75
6.83
-1
5.75
6.50
8.25
-1
-1
-1
7.20
0200288
Nguyễn Thị Thanh Hiền
16
02
2002
8.60
8.25
-1
7.17
-1
-1
-1
5.75
8.25
-1
8.60
0200289
Trần Ngọc Tuấn Hiền
25
02
2002
7.60
6.50
-1
5.25
-1
-1
-1
4.25
5.50
-1
4.80
0200290
Trần Thu Hiền
09
11
2002
8.20
8.50
-1
6
-1
-1
-1
6.00
7.50
-1
8.80
0200291
Nguyễn Hiển
19
01
2002
7.20
7.25
-1
5.92
-1
-1
-1
5.00
5.00
-1
5.40
0200292
Vương Quang Hiển
31
03
2002
8.60
5.75
-1
5.75
-1
-1
-1
5.50
5.75
-1
9.40
0200293
Vũ Hoàng Hiệp
04
08
2002
8.20
6.50
-1
6
-1
-1
-1
4.75
6.75
-1
4.80
0200294
Đinh Quang Hiếu
01
12
2002
7.60
5.50
6.5
-1
4.25
7.00
8.25
-1
-1
-1
4.20
0200295
Lâm Nhật Hiếu
29
10
2002
7.40
7.50
-1
6.92
-1
-1
-1
5.75
7.25
-1
7.20
0200296
Nguyễn Ngọc Kim Hiếu
29
07
2002
8.00
8.25
-1
5.25
-1
-1
-1
5.50
6.50
-1
8.20
0200297
Nguyễn Thanh Hiếu
22
02
2002
6.40
5.50
5.92
-1
4.25
6.50
7.00
-1
-1
-1
5.60
0200298
Nguyễn Thị Ngọc Hiếu
31
08
2002
8.00
7.25
-1
5.92
-1
-1
-1
6.25
6.00
-1
5.60
0200299
Nguyễn Trần Trung Hiếu
03
10
2002
6.00
6.75
8.17
-1
7.25
8.25
9.00
-1
-1
-1
6.20
0200300
Nguyễn Trọng Hiếu
13
02
2002
6.60
6.50
-1
4.83
-1
-1
-1
5.50
4.00
-1
5.60
0200301
Phan Huỳnh Trung Hiếu
10
11
2002
8.20
5.50
-1
6.25
-1
-1
-1
5.25
7.25
-1
8.60
0200302
Võ Trọng Hiếu
09
02
2002
7.40
6.50
-1
7.58
-1
-1
-1
7.25
7.50
-1
5.80
0200303
Vũ Minh Hiếu
12
07
2002
7.60
7.50
-1
5.17
-1
-1
-1
4.50
5.00
-1
-1
0200304
Dương Bửu Hoa
07
04
2002
7.80
5.50
-1
6.17
-1
-1
-1
4.50
6.50
-1
5.00
0200305
Nguyễn Thị Tứ Hoa
02
02
2002
8.40
8.50
-1
6.83
-1
-1
-1
5.25
7.00
-1
8.60
0200306
Hà Viễn Hòa
12
07
2002
8.60
6.00
-1
6.67
-1
-1
-1
5.50
7.50
-1
5.40
0200307
Nguyễn Xuân Hòa
17
04
2002
6.80
6.00
-1
5.83
-1
-1
-1
5.50
5.75
-1
6.80
0200308
Nguyễn Thế Hoàn
03
03
2002
9.00
6.75
-1
5.08
-1
-1
-1
4.00
7.50
-1
8.40
0200309
Nguyễn Xuân Khải Hoàn
25
01
2002
7.20
7.50
-1
6.5
-1
-1
-1
6.00
5.75
-1
8.80
0200310
Đinh Minh Hoàng
28
10
2002
7.40
5.00
-1
6.25
-1
-1
-1
7.00
5.00
-1
5.00
0200311
Đinh Sơn Hoàng
26
05
2002
8.80
5.75
-1
5.58
-1
-1
-1
3.25
7.75
-1
6.60
0200312
Đoàn Trần Việt Hoàng
15
04
2002
8.80
6.50
-1
6.33
-1
-1
-1
5.75
8.50
-1
8.40
0200313
Đỗ Đức Hoàng
30
09
2002
8.40
6.75
-1
5.92
-1
-1
-1
3.75
8.50
-1
8.00
0200314
Hoàng Minh Hoàng
12
01
2002
7.00
6.50
-1
5.83
-1
-1
-1
6.00
4.75
-1
6.00
0200315
Huỳnh Minh Hoàng
15
01
2002
8.20
4.75
-1
5.42
-1
-1
-1
4.50
4.25
-1
6.60
0200316
Lê Phan Hoàng
26
02
2002
7.00
5.25
-1
6.25
-1
-1
-1
6.50
7.00
-1
8.20
0200317
Nguyễn Thanh Hoàng
19
07
2002
6.20
5.75
6.92
-1
5.00
8.00
7.75
-1
-1
-1
4.40
0200318
Phạm Nhật Hoàng
20
07
2002
8.80
6.75
-1
5.92
-1
-1
-1
4.25
7.50
-1
8.60
0200319
Tôn Thất Minh Hoàng
29
11
2002
7.40
5.50
5.75
-1
2.25
7.25
7.75
-1
-1
-1
6.80
0200320
Phạm Giang Hồng
26
02
2002
6.60
6.75
8
-1
7.50
8.00
8.50
-1
-1
-1
6.60
0200321
Phạm Nguyễn Thiên Hồng
06
05
2002
8.20
6.75
-1
6.83
-1
-1
-1
8.00
5.00
-1
6.00
0200322
Trương Quốc Huệ
10
08
2002
8.40
7.50
-1
7.17
-1
-1
-1
4.75
8.75
-1
8.60
0200323
Phạm Cao Hùng
02
06
2002
8.60
6.25
-1
6.58
-1
-1
-1
5.50
6.75
-1
5.80
0200324
Trần Thanh Hùng
09
09
2002
7.00
6.50
-1
4.92
-1
-1
-1
4.25
6.25
-1
4.80
0200325
Dương Nguyễn Bảo Huy
27
08
2002
6.80
5.50
6.25
-1
5.00
6.75
7.00
-1
-1
-1
3.20
0200326
Đào Đức Huy
27
03
2002
8.60
6.25
-1
7
-1
-1
-1
5.25
8.00
-1
4.80
0200327
Đặng Quốc Huy
12
06
2002
8.60
6.50
-1
7.17
-1
-1
-1
5.00
8.00
-1
4.80
0200328
Đoàn Thanh Huy
05
02
2002
8.60
6.50
-1
6.08
-1
-1
-1
6.25
7.00
-1
6.40
0200329
Đỗ Đặng Quốc Huy
15
05
2002
5.40
5.75
5.83
-1
3.50
7.75
6.25
-1
-1
-1
3.20
0200330
Đỗ Minh Huy
09
02
2002
7.20
5.00
-1
6.5
-1
-1
-1
3.50
7.50
-1
6.20
0200331
Hoàng Gia Huy
16
09
2002
8.60
7.00
-1
7
-1
-1
-1
6.00
7.75
-1
6.00
0200332
Hoàng Quang Huy
12
04
2002
7.60
7.00
-1
7.42
-1
-1
-1
7.00
7.75
-1
6.60
0200333
Hồ Tiến Huy
27
05
2002
7.60
7.25
-1
5.33
-1
-1
-1
3.00
6.25
-1
8.20
0200334
Khắc Ngọc Huy
16
09
2002
7.40
7.75
-1
6.33
-1
-1
-1
6.50
5.50
-1
6.00
0200335
La Gia Huy
24
01
2002
8.20
7.25
6.92
-1
6.00
6.00
8.75
-1
-1
-1
4.80
0200336
Lâm Huy
04
02
2002
6.60
3.75
-1
4.67
-1
-1
-1
2.50
5.75
-1
5.60
0200337
Lê Quang Huy
29
09
2002
8.00
4.50
-1
4.67
-1
-1
-1
4.25
5.50
-1
7.40
0200338
Lợi Cẩm Huy
28
09
2002
9.20
5.50
-1
7.42
-1
-1
-1
5.75
8.25
-1
5.60
0200339
Lương Gia Huy
23
07
2002
8.40
6.50
-1
5.08
-1
-1
-1
3.75
7.00
-1
4.80
0200340
Ngô Hoàng Huy
05
03
2002
9.40
8.00
-1
6.5
-1
-1
-1
6.00
7.25
-1
9.00
0200341
Nguyễn Công Huy
09
10
2002
8.20
7.25
-1
5.17
-1
-1
-1
4.75
6.75
-1
5.20
0200342
Nguyễn Hoàng Gia Huy
30
12
2002
8.40
7.50
-1
6.17
-1
-1
-1
4.75
8.00
-1
6.80
0200343
Nguyễn Thanh Huy
25
06
2002
7.60
7.50
-1
5.25
-1
-1
-1
4.75
7.25
-1
4.40
0200344
Nguyễn Tuấn Huy
03
02
2001
8.00
5.25
-1
5.75
-1
-1
-1
3.75
6.50
-1
6.60
0200345
Phạm Hoàng Quốc Huy
06
04
2002
7.80
7.75
-1
6.75
-1
-1
-1
7.25
6.50
-1
7.20
0200346
Phan Minh Huy
12
01
2002
8.80
7.25
-1
6.42
-1
-1
-1
4.50
7.25
-1
7.60
0200347
Quách Đỗ Gia Huy
18
11
2002
7.80
5.75
-1
6.75
-1
-1
-1
5.50
7.75
-1
7.40
0200348
Trần Hoàng Gia Huy
04
03
2002
6.00
6.50
6.08
-1
4.50
6.00
7.75
-1
-1
-1
6.80
0200349
Trịnh Quốc Huy
24
09
2001
8.60
7.00
-1
6.5
-1
-1
-1
5.25
7.00
-1
7.00
0200350
Trương Ngọc Huy
13
06
2002
7.80
5.75
7.83
-1
6.75
8.25
8.50
-1
-1
-1
4.80
0200351
Từ Gia Huy
14
01
2002
8.60
6.50
-1
7.08
-1
-1
-1
7.50
6.25
-1
6.20
0200352
Võ Đức Huy
27
02
2002
8.20
7.75
5.92
-1
4.00
6.25
7.50
-1
-1
-1
7.80
0200353
Vũ Quang Huy
25
01
2002
7.40
7.00
-1
4.83
-1
-1
-1
5.25
4.50
-1
5.60
0200354
Đỗ Đăng Huỳnh
10
11
2002
6.40
7.50
-1
7
-1
-1
-1
6.00
7.00
-1
6.40
0200355
Bùi Tuấn Hưng
10
12
2002
8.40
7.75
8.08
-1
7.75
8.25
8.25
-1
-1
-1
8.80
0200356
Nguyễn Khánh Hưng
29
09
2002
8.20
7.25
7.42
-1
7.50
6.50
8.25
-1
-1
-1
6.80
0200357
Nguyễn Tấn Hưng
03
09
2002
7.80
6.00
-1
5.92
-1
-1
-1
4.00
5.75
-1
8.20
0200358
Nguyễn Tiến An Hưng
11
03
2002
8.80
6.50
-1
5.08
-1
-1
-1
3.75
7.75
-1
8.20
0200359
Nguyễn Tiến Hưng
20
10
2002
4.60
5.75
5.75
-1
3.25
6.75
7.25
-1
-1
-1
4.60
0200360
Trương Gia Hưng
09
03
2002
7.20
5.75
-1
4.75
-1
-1
-1
4.75
5.50
-1
6.20
0200361
Văn Công Gia Hưng
05
01
2002
8.60
5.75
-1
7
-1
-1
-1
6.25
7.75
-1
7.40
0200362
Vi Tấn Hưng
23
04
2002
8.80
6.50
-1
7.17
-1
-1
-1
6.50
7.75
-1
7.00
0200363
Đặng Ngọc Quỳnh Hương
24
07
2002
7.80
6.50
-1
5.75
-1
-1
-1
6.75
4.50
-1
5.60
0200364
Đỗ Lan Hương
03
10
2002
8.20
6.25
-1
6.58
-1
-1
-1
5.75
5.75
-1
6.20
0200365
Đỗ Thu Hương
03
12
2002
5.40
8.00
8.33
-1
8.00
8.00
9.00
-1
-1
-1
5.40
0200366
Hồ Thị Huyền Hương
16
08
2002
6.80
6.50
7.67
-1
6.00
8.50
8.50
-1
-1
-1
4.00
0200367
Lý Thị Thu Hương
21
03
2002
8.00
6.50
-1
6.17
-1
-1
-1
4.75
8.50
-1
6.80
0200368
Nguyễn Huỳnh Thảo Hương
18
01
2002
8.20
5.75
-1
6.67
-1
-1
-1
6.50
7.25
-1
6.00
0200369
Nguyễn Ngọc Thiên Hương
04
12
2002
6.80
6.25
-1
5.92
-1
-1
-1
6.50
4.00
-1
7.20
0200370
Phạm Lan Hương
05
09
2002
7.80
8.00
-1
6.75
-1
-1
-1
5.00
7.50
-1
6.40
0200371
Nguyễn Minh Hữu
28
08
2002
8.20
6.50
-1
6
-1
-1
-1
5.25
6.75
-1
7.40
0200372
Cao Khánh Gia Hy
12
05
2002
8.20
7.75
6.58
-1
4.00
7.25
8.50
-1
-1
-1
7.80
0200373
Lanaras Iason
17
03
2002
6.80
6.00
-1
3.75
-1
-1
-1
4.00
4.50
-1
6.40
0200374
Bùi Anh Kent
08
10
2002
9.60
7.00
-1
6.92
-1
-1
-1
6.50
8.00
-1
9.40
0200375
Hồ Ngọc Anh Kha
29
09
2002
7.40
6.50
-1
5.25
-1
-1
-1
4.75
4.75
-1
7.00
0200376
Huỳnh Hoàng Kha
16
12
2002
9.00
6.50
-1
7.25
-1
-1
-1
6.00
7.50
-1
-1
0200377
Lê Hữu Hoàng Kha
25
12
2002
5.80
4.00
5.92
-1
4.75
7.00
6.00
-1
-1
-1
4.60
0200378
Dương Hoàng Tuấn Khải
16
05
2002
6.20
6.25
6.92
-1
5.50
7.25
8.00
-1
-1
-1
5.80
0200379
Huỳnh Tuấn Khải
10
09
2002
6.40
3.75
4.92
-1
3.50
4.25
7.00
-1
-1
-1
4.40
0200380
Nguyễn Duy Khải
16
12
2002
7.60
6.25
-1
6
-1
-1
-1
6.25
6.00
-1
7.20
0200381
Trần Mạnh Khải
10
04
2002
7.40
5.75
-1
5.83
-1
-1
-1
5.75
5.50
-1
4.60
0200382
Huỳnh Trần Duy Khang
05
12
2002
5.60
5.75
5.58
-1
3.75
5.75
7.25
-1
-1
-1
6.20
0200383
Huỳnh Võ Phú Khang
06
11
2002
8.40
7.00
-1
6.08
-1
-1
-1
4.25
7.00
-1
8.00
0200384
Lâm Hoàng Duy Khang
12
09
2002
8.00
8.00
-1
6.83
-1
-1
-1
6.50
7.50
-1
7.80
0200385
Lâm Nhĩ Khang
06
07
2002
7.80
6.50
-1
6.92
-1
-1
-1
6.00
7.25
-1
7.60
0200386
Lý Thái Khang
15
10
2001
7.80
7.00
-1
6.17
-1
-1
-1
6.00
5.50
-1
6.40
0200387
Nguyễn Đặng Trí Khang
26
02
2002
8.60
8.00
-1
6
-1
-1
-1
7.50
4.00
-1
7.80
0200388
Nguyễn Tấn Khang
02
03
2002
7.80
7.50
-1
7.75
-1
-1
-1
6.75
7.25
-1
6.40
0200389
Nguyễn Thái An Khang
01
05
2002
7.00
4.25
-1
5.75
-1
-1
-1
6.00
6.50
-1
5.20
0200390
Thái Nguyễn Quang Nhật Khang
09
07
2002
7.80
6.50
-1
6.83
-1
-1
-1
6.75
6.25
-1
5.80
0200391
Lê Tuấn Khanh
26
05
2002
9.20
5.75
-1
6.67
-1
-1
-1
6.75
5.75
-1
5.40
0200392
Trần Ngọc Yến Khanh
29
07
2002
8.20
7.25
-1
6.5
-1
-1
-1
5.75
7.00
-1
6.00
0200393
Dương Nguyễn Gia Khánh
20
09
2002
8.80
5.75
-1
6.33
-1
-1
-1
4.25
6.50
-1
6.40
0200394
Hồ Đại Khánh
28
04
2002
7.20
5.75
-1
6.25
-1
-1
-1
5.75
6.75
-1
6.80
0200395
Lê Quốc Khánh
02
09
2002
7.40
6.25
-1
6.75
-1
-1
-1
5.75
7.25
-1
6.00
0200396
Phạm Quốc Khánh
02
10
2002
9.00
6.00
-1
5.58
-1
-1
-1
4.00
8.00
-1
7.40
0200397
Trần Nam Khánh
20
12
2002
8.40
6.25
-1
7.17
-1
-1
-1
5.50
7.75
-1
7.40
0200398
Võ Ngọc Kim Khánh
11
09
2002
7.00
7.00
-1
6.17
-1
-1
-1
7.50
3.00
-1
4.60
0200399
Vũ Minh Khánh
10
01
2002
7.80
5.75
-1
6.25
-1
-1
-1
6.75
7.75
-1
6.60
0200400
Phạm Gia Khiêm
20
06
2002
7.80
6.50
-1
6.17
-1
-1
-1
6.50
5.75
-1
9.00
0200401
Lê Hoàng Phúc
26
04
2002
6.40
6.25
6.33
-1
6.25
5.50
7.25
-1
-1
-1
8.40
0200402
Nguyễn Biện Thiên Phúc
01
08
2002
7.20
5.50
6.33
-1
4.50
6.50
8.00
-1
-1
-1
5.80
0200403
Nguyễn Hoàng Phúc
29
10
2002
6.20
5.50
5.42
-1
4.25
4.75
7.25
-1
-1
-1
3.00
0200404
Phạm Hoàng Phúc
25
07
2002
4.20
2.00
6.08
-1
5.00
6.25
7.00
-1
-1
-1
3.80
0200405
Phạm Trần Thiên Phúc
28
06
2002
7.80
7.25
7
-1
6.00
7.25
7.75
-1
-1
-1
6.40
0200406
Phan Gia Phúc
21
01
2002
6.00
6.00
6.58
-1
5.25
6.00
8.50
-1
-1
-1
8.00
0200407
Trần Tấn Phúc
26
01
2002
8.80
8.50
8.42
-1
7.50
8.25
9.50
-1
-1
-1
7.20
0200408
Cao Xuân Hồng Phương
01
10
2002
7.80
7.00
-1
6
-1
-1
-1
5.25
5.25
-1
7.80
0200409
Đào Nguyên Nhật Phương
07
11
2002
6.00
7.50
7.58
-1
6.00
7.75
9.00
-1
-1
-1
6.60
0200410
Đỗ Hiền Phương
14
08
2002
9.20
7.75
-1
7.42
-1
-1
-1
6.25
8.00
-1
7.40
0200411
Lê Nguyên Phương
25
09
2002
8.00
7.00
8.92
-1
8.25
8.50
-1
-1
-1
-1
9.20
0200412
Nguyễn Đắc Hà Phương
10
11
2002
6.60
6.00
7.33
-1
5.25
7.75
9.00
-1
-1
-1
5.00
0200413
Nguyễn Minh Phương
02
01
2002
7.60
8.25
6.33
-1
4.25
6.75
8.00
-1
-1
-1
6.80
0200414
Nguyễn Thạnh Mai Phương
26
10
2002
7.60
7.75
6.92
-1
6.25
5.75
8.75
-1
-1
-1
5.60
0200415
Đoàn Bảo Thy
20
11
2002
9.00
6.75
-1
7.75
-1
-1
-1
7.25
7.75
-1
7.00
0200416
Đỗ Ngọc Xuân Thy
28
10
2002
9.20
6.50
-1
7
-1
-1
-1
7.00
5.50
-1
4.60
0200417
Hoàng Kim Thy
09
07
2002
8.00
7.00
-1
5.67
-1
-1
-1
5.75
5.25
-1
8.00
0200418
Khưu Hoàng Hồng Thy
03
05
2002
8.00
6.75
-1
6.67
-1
-1
-1
5.25
8.00
-1
5.00
0200419
Lê Hoàng Thy
05
05
2002
8.20
6.75
-1
6.17
-1
-1
-1
6.25
5.50
-1
7.60
0200420
Lê Hoàng Việt Thy
03
11
2002
7.80
6.25
-1
6.5
-1
-1
-1
5.75
7.00
-1
8.20
0200421
Lý Hồng Thy
16
11
2002
7.80
7.75
6.17
-1
4.50
6.75
7.25
-1
-1
-1
6.60
0200422
Mai Ngọc Uyên Thy
20
12
2002
8.80
8.00
7.17
-1
6.25
6.75
8.50
-1
-1
-1
8.20
0200423
Mai Nguyễn Minh Thy
20
08
2002
8.80
7.50
-1
7.17
-1
-1
-1
6.25
7.75
-1
5.80
0200424
Nguyễn Huỳnh Anh Thy
03
12
2002
7.80
8.00
7.67
-1
7.00
6.75
9.25
-1
-1
-1
-1
0200425
Nguyễn Ngọc Minh Thy
25
08
2002
7.00
8.00
6.58
-1
5.50
6.25
8.00
-1
-1
-1
7.40
0200426
Phạm Anh Thy
13
03
2002
7.20
5.75
-1
5.75
-1
-1
-1
5.50
6.00
-1
5.00
0200427
Phạm Minh Thy
28
03
2002
8.40
7.50
7.08
-1
6.25
7.00
8.00
-1
-1
-1
7.80
0200428
Đặng Thị Ngọc Tiên
12
01
2002
8.80
7.75
-1
6.5
-1
-1
-1
7.00
5.75
-1
8.00
0200429
Đỗ Nguyễn Thủy Tiên
14
12
2002
7.60
6.00
-1
7.08
-1
-1
-1
7.25
7.75
-1
6.40
0200430
Huỳnh Mỹ Tiên
22
03
2002
8.80
6.50
-1
6.58
-1
-1
-1
6.25
6.50
-1
6.00
0200431
Huỳnh Thị Thủy Tiên
14
01
2002
8.00
8.00
-1
5.42
-1
-1
-1
4.25
6.50
-1
8.00
0200432
Mai Cẩm Tiên
28
12
2002
8.00
7.00
7.42
-1
6.00
7.50
8.75
-1
-1
-1
8.00
0200433
Nguyễn Lê Ánh Tiên
06
04
2002
8.20
7.00
6.67
-1
4.00
7.25
8.75
-1
-1
-1
6.20
0200434
Nguyễn Phạm Nhật Tiên
27
09
2002
7.60
7.50
7.75
-1
6.50
7.50
9.25
-1
-1
-1
6.20
0200435
Nguyễn Phước Quý Như Tiên
03
09
2001
7.80
6.75
-1
5
-1
-1
-1
4.25
6.75
-1
7.80
0200436
Nguyễn Thị Thủy Tiên
26
11
2002
9.40
7.25
8.17
-1
7.00
8.75
8.75
-1
-1
-1
8.00
0200437
Nguyễn Thủy Tiên
23
05
2002
7.60
6.50
5
-1
3.50
5.50
6.00
-1
-1
-1
3.20
0200438
Phạm Võ Thủy Tiên
21
12
2002
7.40
7.00
6.17
-1
5.50
5.25
7.75
-1
-1
-1
-1
0200439
Hoàng Minh Tiến
28
06
2002
8.20
6.00
-1
5.5
-1
-1
-1
4.00
7.25
-1
8.40
0200440
Hồng Thuận Tiến
01
01
2002
8.40
6.25
-1
7.17
-1
-1
-1
5.00
8.25
-1
7.60
0200441
Huỳnh Lương Tiến
09
05
2002
8.00
6.50
-1
6.25
-1
-1
-1
4.75
6.75
-1
7.40
0200442
Lê Nhật Tiến
06
05
2002
6.20
5.50
-1
4.58
-1
-1
-1
3.50
5.75
-1
8.20
0200443
Lê Thành Tiến
24
12
2002
8.40
6.25
-1
7.17
-1
-1
-1
5.50
8.00
-1
4.60
0200444
Nguyễn Anh Tiến
27
09
2002
8.20
3.50
-1
7.17
-1
-1
-1
5.50
7.50
-1
6.00
0200445
Nguyễn Cao Hoàng Tiến
15
10
2002
6.60
5.00
-1
5.17
-1
-1
-1
5.75
3.75
-1
5.80
0200446
Nguyễn Đức Tiến
24
11
2002
8.60
5.50
-1
7.75
-1
-1
-1
6.75
8.00
-1
5.40
0200447
Nguyễn Minh Tiến
11
05
2002
7.00
5.50
-1
6.58
-1
-1
-1
5.50
7.00
-1
7.80
0200448
Phạm Đình Minh Tiến
05
09
2002
8.80
6.75
-1
7.08
-1
-1
-1
6.00
8.25
-1
7.00
0200449
Tống Quốc Tiến
08
05
2002
6.20
4.75
-1
5.33
-1
-1
-1
6.50
3.50
-1
4.60
0200450
Trần Trọng Tiến
31
10
2002
9.40
7.25
-1
5.83
-1
-1
-1
4.75
6.50
-1
6.00
0200451
Phan Trần Phương Tín
21
02
2002
7.80
6.50
-1
6.5
-1
-1
-1
6.00
6.00
-1
5.80
0200452
Trần Trọng Tín
17
04
2002
7.40
6.75
6.92
-1
4.25
7.75
8.75
-1
-1
-1
5.60
0200453
Nguyễn Thị Tình
13
10
2002
6.60
6.25
-1
4.67
-1
-1
-1
3.75
6.00
-1
3.80
0200454
Châu Tuấn Toàn
22
08
2002
6.40
7.25
7.42
-1
6.75
6.50
9.00
-1
-1
-1
7.00
0200455
Đặng Phước Toàn
22
02
2002
7.20
5.25
-1
6.33
-1
-1
-1
6.00
6.75
-1
6.80
0200456
Nguyễn Phúc Song Toàn
03
09
2002
8.00
5.50
-1
6
-1
-1
-1
5.00
7.00
-1
8.20
0200457
Dương Ngọc Thanh Trà
15
09
2002
7.20
8.00
7.08
-1
5.00
7.75
8.50
-1
-1
-1
7.80
0200458
Hà Phượng Trang
29
11
2002
7.20
6.75
6.92
-1
6.00
6.50
8.25
-1
-1
-1
5.80
0200459
Huỳnh Kim Trang
01
01
2002
7.60
6.75
-1
6
-1
-1
-1
5.75
5.00
-1
5.00
0200460
Lê Nguyễn Thảo Trang
18
11
2002
7.40
7.25
-1
6.17
-1
-1
-1
6.00
7.75
-1
6.00
0200461
Lê Phạm Hoàng Trang
09
12
2002
8.80
6.50
-1
7.25
-1
-1
-1
8.25
5.25
-1
7.00
0200462
Lương Ngọc Thanh Trang
17
01
2002
7.40
6.75
-1
6.5
-1
-1
-1
5.50
7.25
-1
3.80
0200463
Nguyễn Ngọc Bảo Trang
16
12
2002
6.20
6.25
7
-1
5.00
7.00
9.00
-1
-1
-1
5.60
0200464
Nguyễn Ngọc Thùy Trang
09
04
2002
8.20
7.25
-1
5.17
-1
-1
-1
3.75
7.00
-1
3.80
0200465
Phạm Đặng Xuân Trang
29
05
2002
9.00
6.75
-1
6.83
-1
-1
-1
6.75
5.25
-1
4.60
0200466
Phạm Kim Trang
09
06
2002
8.00
6.75
-1
7.75
-1
-1
-1
7.75
7.75
-1
5.80
0200467
Trần Phạm Thảo Trang
17
01
2002
7.60
8.00
-1
5.17
-1
-1
-1
3.25
5.75
-1
7.20
0200468
Trần Thị Thùy Trang
14
01
2002
8.20
6.75
-1
6.08
-1
-1
-1
4.75
6.25
-1
6.60
0200469
Trần Thụy Thiên Trang
23
04
2002
8.40
6.75
-1
6.5
-1
-1
-1
4.75
6.75
-1
7.40
0200470
Trương Hoàng Linh Trang
16
04
2002
7.20
5.00
6.75
-1
5.00
7.25
8.00
-1
-1
-1
6.00
0200471
Võ Thị Đoan Trang
05
06
2002
7.60
7.75
-1
6.08
-1
-1
-1
4.50
7.50
-1
6.20
0200472
Võ Vũ Thùy Trang
19
10
2002
7.80
7.75
8
-1
6.75
8.50
8.75
-1
-1
-1
7.80
0200473
Đinh Bảo Trâm
10
02
2002
7.20
8.00
6.67
-1
4.75
6.75
8.50
-1
-1
-1
-1
0200474
Đỗ Gia Bảo Trâm
18
11
2002
8.20
7.75
7.83
-1
7.75
7.25
8.50
-1
-1
-1
9.00
0200475
Nguyễn Minh Quỳnh Trâm
07
12
2002
8.80
8.00
7.67
-1
6.50
8.00
8.50
-1
-1
-1
8.80
0200476
Nguyễn Phước Hồng Trâm
04
08
2002
8.80
6.25
-1
6.75
-1
-1
-1
7.00
6.50
-1
8.40
0200477
Phan Thị Bích Trâm
17
06
2002
8.00
6.75
-1
6.92
-1
-1
-1
7.50
5.50
-1
6.40
0200478
Phan Thị Bích Trâm
27
02
2002
8.60
6.75
-1
6.92
-1
-1
-1
5.75
7.50
-1
6.20
0200479
Thái Hà Minh Trâm
20
07
2002
7.60
7.25
-1
6.17
-1
-1
-1
4.25
7.25
-1
8.00
0200480
Huỳnh Lê Bảo Trân
26
11
2002
8.40
6.50
-1
5.75
-1
-1
-1
4.75
6.00
-1
6.60
0200481
Lê Quế Trân
11
01
2002
8.60
6.75
-1
7.58
-1
-1
-1
7.00
8.00
-1
7.40
0200482
Ngô Bảo Trân
17
04
2002
8.60
8.25
7.92
-1
7.25
7.75
8.75
-1
-1
-1
7.00
0200483
Nguyễn Bảo Trân
01
07
2002
8.60
7.75
-1
7.42
-1
-1
-1
8.25
5.25
-1
6.60
0200484
Nguyễn Lê Bảo Trân
30
07
2002
8.00
7.75
-1
6.42
-1
-1
-1
4.50
6.50
-1
7.80
0200485
Nguyễn Ngọc Bảo Trân
20
05
2002
7.00
7.00
-1
6.33
-1
-1
-1
6.25
6.25
-1
7.40
0200486
Nguyễn Thùy Ngọc Trân
29
06
2002
8.60
7.50
-1
5.75
-1
-1
-1
4.75
7.00
-1
8.80
0200487
Phạm Lê Huỳnh Trân
15
07
2002
8.20
7.00
-1
7.17
-1
-1
-1
7.75
6.75
-1
5.40
0200488
Phan Nguyễn Bảo Trân
11
11
2002
9.00
8.75
6.83
-1
5.00
6.75
8.75
-1
-1
-1
7.80
0200489
Tăng Đặng Mỹ Trân
22
04
2002
7.20
7.00
6.75
-1
5.25
7.00
8.00
-1
-1
-1
4.20
0200490
Trần Gia Khánh Trân
20
02
2002
6.00
7.75
5.75
-1
3.50
6.00
7.75
-1
-1
-1
4.80
0200491
Trần Tú Trân
19
10
2002
8.20
7.25
-1
6.58
-1
-1
-1
7.00
5.50
-1
5.60
0200492
Trịnh Hoàng Ngọc Trân
25
11
2002
8.00
8.25
-1
5.42
-1
-1
-1
4.25
6.00
-1
8.00
0200493
Vương Bảo Trân
18
05
2002
9.20
8.25
-1
7.42
-1
-1
-1
6.75
8.75
-1
6.20
0200494
Dương Đình Trí
10
10
2002
7.80
7.50
-1
6.58
-1
-1
-1
5.00
8.50
-1
6.60
0200495
Nguyễn Đình Trí
27
01
2002
8.00
7.50
-1
7.42
-1
-1
-1
6.50
7.50
-1
8.80
0200496
Nguyễn Thanh Trí
28
04
2002
8.40
6.25
-1
6.67
-1
-1
-1
4.50
8.50
-1
6.60
0200497
Phạm Nguyễn Trần Trí
19
08
2001
6.20
6.75
-1
4.17
-1
-1
-1
4.50
5.00
-1
3.60
0200498
Tạ Minh Trí
15
02
2002
6.20
6.75
7.42
-1
6.25
7.50
8.50
-1
-1
-1
7.60
0200499
Trần Minh Trí
09
01
2002
5.40
6.50
6.92
-1
5.50
6.25
9.00
-1
-1
-1
5.60
0200500
Trần Thế Trí
13
08
2002
8.00
6.00
-1
6.25
-1
-1
-1
5.75
8.00
-1
3.00
0200501
Võ Nguyên Trí
27
12
2002
7.60
5.50
-1
5.08
-1
-1
-1
4.50
6.75
-1
6.60
0200502
Cao Minh Triết
29
05
2002
7.40
6.25
-1
6
-1
-1
-1
4.75
5.00
-1
4.60
0200503
Lê Minh Triết
01
01
2002
8.20
5.25
-1
4.83
-1
-1
-1
4.75
5.25
-1
8.20
0200504
Nguyễn Hoàng Minh Triết
19
06
2002
8.40
6.00
-1
5
-1
-1
-1
4.50
6.75
-1
8.80
0200505
Võ Minh Triết
17
09
2002
6.80
5.00
-1
5.67
-1
-1
-1
3.75
6.75
-1
7.60
0200506
Bùi Kim Trinh
22
06
2002
8.00
6.50
-1
5.75
-1
-1
-1
4.25
7.25
-1
7.40
0200507
Nguyễn Hoàng Yến Trinh
10
10
2002
6.80
7.00
6.67
-1
5.00
5.75
9.25
-1
-1
-1
7.80
0200508
Nguyễn Lâm Ngọc Trinh
05
05
2002
7.60
7.25
-1
6.25
-1
-1
-1
5.50
6.25
-1
6.60
0200509
Nguyễn Phương Trinh
20
06
2002
8.40
6.75
-1
6.42
-1
-1
-1
5.50
6.75
-1
5.40
0200510
Nguyễn Thị Hồng Trinh
11
01
2002
6.80
8.50
6.58
-1
5.25
6.75
7.75
-1
-1
-1
6.80
0200511
Nguyễn Thị Mai Trinh
23
01
2002
8.20
6.75
7.25
-1
5.75
8.00
8.00
-1
-1
-1
6.60
0200512
Nguyễn Thị Ngọc Trinh
04
09
2002
7.00
8.00
-1
5.08
-1
-1
-1
5.25
5.25
-1
3.40
0200513
Nguyễn Trương Diệu Trinh
16
07
2002
7.00
7.00
-1
6.75
-1
-1
-1
6.00
8.00
-1
5.80
0200514
Phan Tuyết Trinh
04
11
2002
7.60
6.25
5.33
-1
1.75
5.75
8.50
-1
-1
-1
6.80
0200515
Tô Thị Diệu Trinh
01
09
2002
9.00
5.50
-1
6.75
-1
-1
-1
5.00
7.25
-1
7.20
0200516
Trần Văn Trọng
16
12
2002
8.60
7.25
-1
6.67
-1
-1
-1
4.25
7.75
-1
6.20
0200517
Nguyễn Hoàng Trúc
21
03
2002
8.20
8.25
8.75
-1
8.50
8.50
9.25
-1
-1
-1
6.60
0200518
Nguyễn Ngọc Thanh Trúc
23
03
2002
7.80
7.50
-1
6.58
-1
-1
-1
5.50
6.50
-1
5.60
0200519
Nguyễn Thụy Thu Trúc
08
10
2002
7.80
7.50
8.08
-1
7.50
8.00
8.75
-1
-1
-1
6.00
0200520
Trần Nhã Trúc
23
03
2002
7.00
7.50
7.17
-1
5.75
8.00
7.75
-1
-1
-1
7.20
0200001,Phạm Hoàng Hương Ái,04,11,2002,6.60,6.25,6.67,-1,5.75,7.00,7.25,-1,-1,-1,5.20,0200002,Đặng Huỳnh Vĩnh An,13,12,2002,8.20,7.75,7.58,-1,7.00,7.25,8.50,-1,-1,-1,7.00,0200003,Lâm Nguyễn Mộng Thùy An,06,04,2001,6.80,6.75,6.92,-1,4.75,7.75,8.25,-1,-1,-1,6.00,0200004,Lê Tiêu Hoàng An,18,11,2002,7.80,6.25,-1,6.25,-1,-1,-1,7.00,5.50,-1,5.60,0200005,Lư Thuận An,14,01,2002,6.40,6.50,-1,6.17,-1,-1,-1,5.50,6.75,-1,8.20,0200006,Mai Bình An,14,06,2002,6.80,7.50,7.58,-1,6.75,7.50,8.50,-1,-1,-1,-1,0200007,Mai Xuân An,16,03,2002,8.40,8.25,-1,6.67,-1,-1,-1,5.25,7.50,-1,6.40,0200008,Nguyễn Huỳnh Khánh An,28,07,2002,6.80,7.00,-1,4.33,-1,-1,-1,3.50,5.00,-1,4.40,0200009,Nguyễn Trần Hòa An,14,11,2002,7.20,8.00,7.92,-1,6.75,8.25,8.75,-1,-1,-1,8.40,0200010,Nguyễn Vương Thùy An,14,08,2002,8.40,7.75,-1,6.33,-1,-1,-1,4.00,8.00,-1,6.40,0200011,Phạm Thị Hồng An,11,03,2002,6.40,7.75,7.08,-1,6.25,6.50,8.50,-1,-1,-1,5.20,0200012,Tý Thiều Thuận An,28,09,2002,8.00,5.25,8.17,-1,7.25,8.00,9.25,-1,-1,-1,8.20,0200013,Võ Thiên An,27,03,2002,8.40,5.75,-1,7.08,-1,-1,-1,5.75,7.75,-1,5.80,0200014,Vũ Thanh An,19,11,2002,8.40,7.50,7.67,-1,8.00,7.25,7.75,-1,-1,-1,9.20,0200015,Bùi Nguyễn Minh Anh,18,03,2002,8.20,6.75,-1,6.08,-1,-1,-1,5.25,6.25,-1,8.60,0200016,Bùi Thụy Quỳnh Anh,24,07,2002,8.60,6.75,-1,6.17,-1,-1,-1,5.50,6.25,-1,7.20,0200017,Bùi Trần Lan Anh,11,03,2002,8.60,6.75,-1,7.42,-1,-1,-1,7.75,7.25,-1,8.80,0200018,Cao Ngọc Phương Anh,06,06,2002,8.00,6.50,5.92,-1,3.75,6.50,7.50,-1,-1,-1,8.00,0200019,Châu Xuân Anh,30,09,2002,8.20,4.50,-1,7.33,-1,-1,-1,7.75,6.00,-1,7.20,0200020,Chung Vũ Thúy Anh,08,03,2002,8.40,6.25,-1,5.75,-1,-1,-1,5.25,6.75,-1,7.40,0200021,Dương Hoàng Tuấn Anh,11,09,2002,7.40,6.25,-1,6.67,-1,-1,-1,5.50,6.00,-1,7.00,0200022,Đào Quỳnh Anh,11,06,2002,8.80,6.00,-1,5.92,-1,-1,-1,5.75,8.00,-1,6.40,0200023,Đặng Minh Phi Anh,24,11,2002,7.40,6.50,-1,5.58,-1,-1,-1,5.00,5.75,-1,4.80,0200024,Hà Lê Kiều Anh,03,10,2002,7.20,8.00,-1,5.75,-1,-1,-1,6.25,7.75,-1,5.40,0200025,Hà Quỳnh Anh,29,06,2002,8.40,8.00,6.83,-1,5.75,7.25,7.50,-1,-1,-1,8.40,0200026,Hoàng Kỳ Anh,26,06,2002,8.20,7.00,6.92,-1,6.25,7.00,7.50,-1,-1,-1,6.60,0200027,Hồ Minh Anh,15,12,2002,7.60,7.00,-1,6.58,-1,-1,-1,5.00,6.25,-1,6.40,0200028,Hồ Thúy Anh,11,12,2002,7.60,7.00,-1,6,-1,-1,-1,5.25,5.50,-1,6.60,0200029,Huỳnh Duy Anh,22,11,2002,7.80,5.25,-1,7.67,-1,-1,-1,7.50,7.25,-1,7.00,0200030,Huỳnh Đoàn Minh Anh,13,09,2002,8.20,7.50,-1,7.92,-1,-1,-1,7.50,7.75,-1,-1,0200031,Lã Minh Anh,19,08,2002,7.80,7.50,6.17,-1,5.25,5.00,8.25,-1,-1,-1,6.80,0200032,Lê Đan Quỳnh Anh,03,02,2002,7.80,8.00,6.92,-1,5.00,7.75,8.00,-1,-1,-1,7.60,0200033,Lê Hoàn Minh Anh,04,01,2002,8.40,7.25,7.33,-1,7.00,7.00,8.00,-1,-1,-1,7.00,0200034,Lê Ngọc Quỳnh Anh,27,06,2002,7.80,6.50,-1,5.92,-1,-1,-1,3.00,7.50,-1,-1,0200035,Lê Nguyễn Duy Anh,21,02,2002,6.80,5.50,6.08,-1,4.00,7.00,7.25,-1,-1,-1,5.00,0200036,Lê Nữ Hoàng Anh,20,08,2002,7.60,6.00,-1,7.17,-1,-1,-1,6.75,7.50,-1,7.40,0200037,Ngô Quế Anh,16,01,2002,7.20,5.50,6.08,-1,5.00,5.50,7.75,-1,-1,-1,5.00,0200038,Nguyễn Cao Phương Anh,11,12,2002,7.80,7.00,7.42,-1,7.25,7.50,7.50,-1,-1,-1,6.80,0200039,Nguyễn Đắc Ngọc Anh,20,05,2002,7.20,7.00,6.08,-1,4.00,6.50,7.75,-1,-1,-1,5.20,0200040,Nguyễn Đặng Minh Anh,02,07,2002,8.20,6.75,-1,6.75,-1,-1,-1,4.75,8.25,-1,5.20,0200041,Nguyễn Hà Minh Anh,08,11,2002,6.80,6.75,-1,6.67,-1,-1,-1,5.75,7.25,-1,7.40,0200042,Nguyễn Hoàng Hải Anh,08,11,2002,8.20,7.00,-1,5,-1,-1,-1,3.00,7.25,-1,8.20,0200043,Nguyễn Hoàng Vân Anh,18,04,2002,7.40,7.25,-1,5.83,-1,-1,-1,3.25,7.25,-1,6.80,0200044,Nguyễn Hữu Tuyết Anh,04,09,2002,8.20,6.50,-1,5.75,-1,-1,-1,5.75,4.75,-1,5.40,0200045,Nguyễn Lê Quốc Anh,13,12,2002,7.60,6.25,-1,5.25,-1,-1,-1,4.75,6.50,-1,8.00,0200046,Nguyễn Minh Anh,15,06,2002,8.20,6.75,-1,5.67,-1,-1,-1,4.50,6.50,-1,4.20,0200047,Nguyễn Minh Anh,21,12,2002,8.60,6.75,-1,6.33,-1,-1,-1,5.25,7.50,-1,6.00,0200048,Nguyễn Ngọc Thảo Anh,09,10,2002,6.60,7.00,5.33,-1,4.50,4.75,6.75,-1,-1,-1,6.20,0200049,Nguyễn Phước Thùy Anh,18,06,2002,7.80,8.25,7.42,-1,6.25,6.75,9.25,-1,-1,-1,-1,0200050,Nguyễn Phương Anh,15,12,2002,8.00,7.75,-1,5.67,-1,-1,-1,2.75,8.25,-1,7.40,0200051,Nguyễn Thế Như Anh,22,10,2002,7.60,7.25,5.58,-1,3.75,6.00,7.00,-1,-1,-1,7.40,0200052,Nguyễn Thị Quỳnh Anh,27,12,2002,8.60,7.25,-1,6.75,-1,-1,-1,5.75,8.00,-1,8.80,0200053,Nguyễn Thụy Ngọc Anh,12,08,2002,6.80,6.75,7.83,-1,6.75,7.25,9.50,-1,-1,-1,8.40,0200054,Nguyễn Trần Kim Anh,31,03,2002,9.20,6.50,-1,6.75,-1,-1,-1,6.25,8.00,-1,7.00,0200055,Nguyễn Trần Quỳnh Anh,23,11,2002,8.80,7.25,-1,6.33,-1,-1,-1,4.75,6.75,-1,8.60,0200056,Nguyễn Tuấn Anh,12,09,2002,8.60,7.25,-1,6.33,-1,-1,-1,4.75,8.00,-1,6.60,0200057,Nguyễn Vũ Quỳnh Anh,12,06,2002,7.00,6.50,6.83,-1,6.50,6.00,8.00,-1,-1,-1,6.20,0200058,Phạm Đức Anh,25,10,2002,8.20,6.75,-1,6.5,-1,-1,-1,3.75,8.25,-1,6.00,0200059,Phạm Giang Tú Anh,23,12,2002,8.40,7.50,7.92,-1,7.75,7.00,9.00,-1,-1,-1,8.20,0200060,Phạm Hoàng Anh,08,03,2002,6.60,4.25,-1,6,-1,-1,-1,6.50,5.00,-1,7.40,0200061,Phạm Hồng Anh,30,09,2002,5.20,6.75,4.83,-1,2.75,5.50,6.25,-1,-1,-1,4.00,0200062,Phạm Quế Anh,26,04,2002,6.60,7.25,-1,6.25,-1,-1,-1,6.00,6.00,-1,4.60,0200063,Phạm Quỳnh Diễm Anh,26,06,2002,6.20,7.00,6.5,-1,5.25,6.50,7.75,-1,-1,-1,7.00,0200064,Phạm Thị Mỹ Anh,30,10,2002,8.20,7.75,-1,6.42,-1,-1,-1,5.75,7.50,-1,7.80,0200065,Tiến Nguyễn Vân Anh,05,12,2002,7.80,8.25,-1,5.58,-1,-1,-1,5.00,5.25,-1,8.20,0200066,Tô Tuyết Anh,09,09,2002,7.00,7.00,-1,7.08,-1,-1,-1,6.00,7.75,-1,6.20,0200067,Trần Đào Hoàng Anh,23,04,2002,7.00,5.50,-1,7.17,-1,-1,-1,7.25,7.75,-1,7.20,0200068,Trần Đông Anh,05,02,2002,8.40,6.50,-1,5.67,-1,-1,-1,3.75,7.25,-1,9.60,0200069,Trần Hồng Anh,14,10,2002,7.60,8.00,-1,6.25,-1,-1,-1,5.75,5.50,-1,5.80,0200070,Trần Nguyễn Minh Anh,06,12,2002,7.00,6.00,6.5,-1,4.50,6.50,8.50,-1,-1,-1,5.60,0200071,Trần Nguyễn Phương Anh,20,12,2002,6.20,6.25,-1,5.08,-1,-1,-1,3.75,6.50,-1,7.40,0200072,Trần Tuyết Anh,15,11,2002,8.40,7.75,-1,7.17,-1,-1,-1,5.50,8.00,-1,7.80,0200073,Trần Vũ Quỳnh Anh,09,04,2002,9.00,8.50,-1,7.33,-1,-1,-1,7.75,7.50,-1,6.40,0200074,Hà Minh Ánh,03,07,2002,8.60,8.00,-1,6.92,-1,-1,-1,6.75,5.75,-1,7.20,0200075,Huỳnh Minh Ánh,03,06,2002,7.60,8.00,-1,6.83,-1,-1,-1,5.50,7.25,-1,6.40,0200076,Nguyễn Arina,23,12,2002,8.20,8.50,7.92,-1,7.25,7.50,9.00,-1,-1,-1,8.20,0200077,Hàng Mỹ Ân,23,08,2002,7.20,7.50,-1,6.33,-1,-1,-1,5.50,6.75,-1,5.80,0200078,Hoàng Phúc Hồng Ân,07,04,2002,7.80,7.00,7.5,-1,5.75,8.25,8.50,-1,-1,-1,7.00,0200079,Nguyễn Hồng Ân,13,12,2002,7.40,7.50,7.17,-1,6.25,6.50,8.75,-1,-1,-1,7.00,0200080,Phạm Thiên Ân,10,08,2002,5.20,5.50,5.75,-1,3.75,6.00,7.50,-1,-1,-1,5.80,0200081,Dương Thành Bách,21,03,2002,8.60,5.50,-1,6.5,-1,-1,-1,7.25,6.75,-1,8.40,0200082,Nguyễn Lê Gia Bách,12,07,2002,8.40,6.50,-1,5.75,-1,-1,-1,4.25,7.00,-1,7.20,0200083,Nguyễn Trường Bách,15,01,2002,7.60,7.00,-1,5.33,-1,-1,-1,5.50,4.75,-1,7.20,0200084,Nguyễn Vương Bách,27,03,2002,7.60,5.50,-1,6.58,-1,-1,-1,6.50,7.50,-1,9.20,0200085,Chung Đức Bảo,08,12,2002,7.80,6.50,7.17,-1,5.25,7.25,9.00,-1,-1,-1,7.20,0200086,Đặng Hoài Bảo,30,01,2002,6.20,7.00,-1,5.08,-1,-1,-1,6.25,4.00,-1,6.00,0200087,Huỳnh Tấn Bảo,11,12,2002,6.60,7.00,7.75,-1,6.25,8.00,9.00,-1,-1,-1,7.80,0200088,Lưu Gia Bảo,10,04,2001,8.00,6.50,-1,5.92,-1,-1,-1,5.25,7.25,-1,5.80,0200089,Nguyễn Hoàng Gia Bảo,21,10,2002,9.00,6.25,-1,7.92,-1,-1,-1,6.25,9.00,-1,6.80,0200090,Nguyễn Huy Bảo,29,06,2002,7.60,6.50,-1,5.75,-1,-1,-1,5.50,5.00,-1,7.20,0200091,Nguyễn Quốc Bảo,16,02,2002,4.80,5.75,3.83,-1,2.50,4.25,4.75,-1,-1,-1,5.80,0200092,Nguyễn Quốc Bảo,21,06,2002,6.80,5.00,-1,3.92,-1,-1,-1,2.50,6.00,-1,7.00,0200093,Nguyễn Việt Gia Bảo,17,10,2002,9.20,5.25,-1,6.67,-1,-1,-1,5.50,7.50,-1,9.20,0200094,Phan Nguyên Bảo,06,03,2002,7.00,6.00,-1,5.33,-1,-1,-1,5.50,4.75,-1,5.00,0200095,Phan Phúc Bảo,29,07,2002,8.00,7.00,-1,6.75,-1,-1,-1,4.25,8.00,-1,6.00,0200096,Thái Gia Bảo,06,06,2001,8.80,7.00,-1,6.5,-1,-1,-1,6.25,7.50,-1,5.40,0200097,Trần Duy Bảo,27,05,2002,8.80,6.50,-1,5.83,-1,-1,-1,4.75,7.50,-1,8.40,0200098,Trần Gia Bảo,03,08,2002,5.60,5.75,6.58,-1,5.50,6.25,8.00,-1,-1,-1,6.40,0200099,Trần Gia Bảo,23,01,2002,9.40,6.50,-1,7,-1,-1,-1,6.50,7.75,-1,9.00,0200100,Mạnh Thị Ngọc Bích,09,07,2002,8.20,7.50,7.42,-1,6.75,7.25,8.25,-1,-1,-1,8.20,0200101,Doãn Xuân Hòa Bình,30,04,2002,7.80,6.75,-1,5.5,-1,-1,-1,4.25,5.75,-1,7.00,0200102,Hồ Quốc Bình,24,04,2002,8.40,6.25,-1,6.92,-1,-1,-1,6.75,7.75,-1,7.00,0200103,Mai Đăng Bình,13,08,2002,8.20,6.50,7.42,-1,7.50,6.75,8.00,-1,-1,-1,-1,0200104,Nguyễn Ánh Bình,25,10,2002,8.00,6.00,-1,6.83,-1,-1,-1,6.00,6.75,-1,6.80,0200105,Nguyễn Khánh Bình,19,03,2002,8.20,5.50,-1,6.17,-1,-1,-1,7.25,3.75,-1,7.20,0200106,Nguyễn Thanh Bình,01,06,2002,8.20,6.00,-1,6.33,-1,-1,-1,4.00,8.00,-1,7.80,0200107,Trần Quốc Bình,27,02,2002,6.60,4.00,-1,5.67,-1,-1,-1,6.00,7.75,-1,4.40,0200108,Trần Thanh Bình,07,01,2002,8.60,6.75,-1,7.92,-1,-1,-1,7.75,8.25,-1,6.40,0200109,Lâm Bửu Châu,11,10,2002,7.80,6.50,-1,6.17,-1,-1,-1,5.25,5.00,-1,6.20,0200110,Lê Minh Châu,08,04,2002,7.80,7.25,7.67,-1,5.50,8.00,9.50,-1,-1,-1,8.00,0200111,Lương Bảo Châu,06,09,2002,8.60,7.25,-1,6.75,-1,-1,-1,6.25,6.00,-1,5.00,0200112,Lưu Khánh Châu,23,01,2002,7.60,6.75,7.83,-1,6.50,8.25,8.75,-1,-1,-1,7.60,0200113,Nguyễn Bảo Châu,12,04,2002,6.80,7.50,7.25,-1,5.75,8.00,8.00,-1,-1,-1,8.60,0200114,Nguyễn Đức Bảo Châu,22,03,2002,6.00,7.00,6.92,-1,5.50,6.75,8.50,-1,-1,-1,6.60,0200115,Nguyễn Hoàng Minh Châu,14,03,2002,8.20,7.25,8.25,-1,7.00,8.50,9.25,-1,-1,-1,8.20,0200116,Nguyễn Minh Châu,24,06,2002,8.60,7.50,-1,7.08,-1,-1,-1,6.00,7.25,-1,6.60,0200117,Trần Ngọc Bảo Châu,12,01,2002,8.40,7.50,-1,6.92,-1,-1,-1,6.25,7.50,-1,8.00,0200118,Võ Trân Châu,28,10,2002,7.20,7.00,7.67,-1,8.00,7.50,7.50,-1,-1,-1,5.40,0200119,Yin Minh Châu,06,09,2002,8.80,4.25,-1,6.5,-1,-1,-1,7.00,4.50,-1,8.60,0200120,Bùi Huyền Chi,22,07,2002,7.40,6.25,-1,5.83,-1,-1,-1,5.00,6.00,-1,7.20,0200121,Chu Ngọc Phương Chi,11,03,2002,5.60,8.25,7.25,-1,5.75,7.75,8.25,-1,-1,-1,6.20,0200122,Lê Linh Chi,21,07,2002,7.80,8.25,-1,5.5,-1,-1,-1,4.25,4.50,-1,7.40,0200123,Trần Sử Phương Chi,26,10,2002,5.60,6.75,6.75,-1,5.00,7.25,8.00,-1,-1,-1,-1,0200124,Trịnh Anh Chiến,22,05,2002,8.40,7.00,-1,4.67,-1,-1,-1,4.00,3.75,-1,-1,0200125,Hà Vũ Chương,22,07,2002,8.80,5.75,-1,6.83,-1,-1,-1,6.25,8.25,-1,6.60,0200126,Nguyễn Văn Thanh Chương,05,09,2002,8.00,7.50,-1,5.58,-1,-1,-1,4.75,6.75,-1,-1,0200127,Nguyễn Trọng Công,21,05,2002,7.20,7.25,7.67,-1,6.25,7.75,9.00,-1,-1,-1,5.60,0200128,Phạm Thành Công,06,04,2002,7.20,6.25,-1,6,-1,-1,-1,6.00,7.25,-1,7.00,0200129,Bùi Thiên Cơ,17,05,2002,7.60,6.50,7.08,-1,6.00,6.50,8.75,-1,-1,-1,4.00,0200130,Du Vĩ Cơ,02,06,2001,6.60,6.25,-1,5,-1,-1,-1,4.75,5.50,-1,5.40,0200131,Hà Mạnh Cường,18,09,2002,9.60,7.50,-1,7.92,-1,-1,-1,7.00,8.25,-1,8.20,0200132,Lê Huỳnh Quốc Cường,23,04,2001,5.00,6.50,5.92,-1,5.00,4.00,8.75,-1,-1,-1,4.00,0200133,Mai Viết Cường,31,01,2002,8.20,7.25,-1,6,-1,-1,-1,4.75,6.00,-1,9.60,0200134,Nguyễn Trần Mạnh Cường,23,10,2002,6.60,6.75,-1,5.42,-1,-1,-1,4.50,6.75,-1,6.40,0200135,Vũ Nguyễn Chí Cường,30,08,2002,8.60,6.75,6.67,-1,6.25,6.50,7.25,-1,-1,-1,8.20,0200136,Mai Thành Danh,30,12,2002,8.00,6.16,-1,6.08,-1,-1,-1,5.25,6.00,-1,4.40,0200137,Nguyễn Thành Danh,03,04,2002,7.40,7.00,-1,5.75,-1,-1,-1,4.50,7.25,-1,6.80,0200138,Đinh Thụy Hoàng Dung,16,11,2002,7.40,6.25,-1,5.75,-1,-1,-1,5.75,5.75,-1,5.40,0200139,Nguyễn Phương Dung,26,04,2002,8.20,7.75,-1,7.17,-1,-1,-1,5.25,9.00,-1,5.60,0200140,Nguyễn Thị Hồng Dung,06,12,2002,6.00,7.00,5.83,-1,4.25,6.00,7.25,-1,-1,-1,2.40,0200141,Trần Minh Thùy Dung,08,11,2002,7.20,7.00,-1,5.58,-1,-1,-1,4.75,5.50,-1,4.80,0200142,Trần Quỳnh Dung,07,03,2002,6.80,7.25,7.42,-1,6.25,7.00,9.00,-1,-1,-1,6.20,0200143,Vũ Thùy Dung,09,09,2002,7.80,7.00,-1,6.92,-1,-1,-1,5.50,7.25,-1,6.20,0200144,Nguyễn Tuấn Dũng,19,03,2002,5.60,6.00,6.58,-1,4.75,6.50,8.50,-1,-1,-1,5.40,0200145,Trần Nguyễn Hoàng Dũng,04,07,2002,8.80,6.00,-1,6.75,-1,-1,-1,6.25,8.75,-1,8.40,0200146,Trần Quốc Dũng,11,11,2002,7.00,6.00,-1,6.08,-1,-1,-1,6.50,5.25,-1,5.00,0200147,Trần Trương Hoàng Dũng,16,03,2002,8.60,5.75,-1,5.67,-1,-1,-1,4.75,6.00,-1,3.80,0200148,Ngô Quốc Dụng,28,04,2002,8.00,7.50,-1,5.75,-1,-1,-1,5.00,6.75,-1,4.80,0200149,Bùi Khánh Duy,03,09,2002,8.00,7.00,-1,5.17,-1,-1,-1,4.75,4.75,-1,9.00,0200150,Đào Hoàng Duy,14,08,2002,8.20,7.50,-1,5.25,-1,-1,-1,4.50,6.25,-1,7.60,0200151,Lê Trần Bảo Duy,12,11,2002,5.40,6.75,5.42,-1,2.75,6.50,7.00,-1,-1,-1,5.40,0200152,Nguyễn Tiến Hoàng Duy,18,03,2002,7.40,7.50,7.67,-1,7.50,7.25,8.25,-1,-1,-1,6.80,0200153,Nguyễn Trần Minh Duy,10,02,2002,7.60,7.50,6.58,-1,5.75,6.75,7.25,-1,-1,-1,9.40,0200154,Nguyễn Trương Nhật Duy,15,11,2001,6.20,3.50,6.58,-1,4.75,6.75,8.25,-1,-1,-1,6.80,0200155,Phạm Anh Duy,24,03,2002,8.40,7.50,-1,5.5,-1,-1,-1,4.75,5.75,-1,4.60,0200156,Phạm Thanh Duy,08,05,2002,8.60,7.00,-1,6.92,-1,-1,-1,4.75,8.00,-1,5.00,0200157,Phan Duy,02,06,2002,8.20,7.50,-1,7.08,-1,-1,-1,7.00,5.75,-1,5.00,0200158,Phan Trần Bảo Duy,09,11,2002,7.40,7.25,-1,5.5,-1,-1,-1,4.75,4.50,-1,7.80,0200159,Trần Đức Duy,08,02,2002,9.40,7.25,-1,7.17,-1,-1,-1,5.50,8.25,-1,7.40,0200160,Trần Hoàng Bá Duy,20,03,2002,8.40,5.50,-1,5.42,-1,-1,-1,4.75,6.50,-1,6.60,0200161,Trần Hoàng Duy,13,09,2002,7.00,6.75,-1,5.17,-1,-1,-1,4.75,5.25,-1,6.40,0200162,Trần Lê Duy,26,02,2002,8.80,6.50,-1,6.33,-1,-1,-1,5.25,7.00,-1,6.60,0200163,Trịnh Nhật Duy,10,10,2002,8.80,6.75,-1,7.33,-1,-1,-1,5.75,9.00,-1,9.00,0200164,Đỗ Trịnh Mỹ Duyên,07,10,2002,8.20,6.50,-1,6.75,-1,-1,-1,5.50,7.00,-1,5.40,0200165,Huỳnh Đỗ Kỳ Duyên,05,10,2002,8.80,8.25,-1,4.92,-1,-1,-1,5.25,3.75,-1,7.80,0200166,Lê Mỹ Duyên,01,06,2002,8.00,7.00,-1,7.42,-1,-1,-1,7.25,7.00,-1,4.80,0200167,Lư Mỹ Duyên,11,05,2002,8.00,6.75,-1,6.58,-1,-1,-1,5.75,6.75,-1,5.60,0200168,Nguyễn Hoàng Mỹ Duyên,18,10,2002,8.40,8.00,6.83,-1,5.25,6.00,9.25,-1,-1,-1,8.60,0200169,Nguyễn Phương Duyên,21,09,2002,8.80,7.00,-1,6.33,-1,-1,-1,4.00,7.75,-1,7.80,0200170,Nguyễn Thùy Duyên,20,05,2002,8.40,8.25,7.08,-1,5.00,7.25,9.00,-1,-1,-1,6.60,0200171,Trương Thùy Kỳ Duyên,23,10,2002,8.60,5.67,-1,6.17,-1,-1,-1,4.00,7.50,-1,8.00,0200172,Nguyễn Đăng Dự,27,05,2002,8.20,7.25,6.33,-1,4.75,7.25,7.00,-1,-1,-1,5.60,0200173,Lê Duy Dương,07,02,2002,8.80,6.75,-1,7.75,-1,-1,-1,7.00,8.00,-1,-1,0200174,Ngô Thị Thùy Dương,23,09,2002,9.00,7.75,-1,7.5,-1,-1,-1,5.50,8.75,-1,7.60,0200175,Nguyễn Thị Thùy Dương,03,01,2002,8.20,8.00,7.42,-1,7.00,7.75,7.50,-1,-1,-1,6.00,0200176,Đinh Quảng Đại,11,08,2002,8.60,7.00,-1,6.42,-1,-1,-1,6.50,6.75,-1,8.80,0200177,Nguyễn Hoàng Mai Đan,29,06,2002,7.80,7.00,7.67,-1,7.50,7.00,8.50,-1,-1,-1,7.20,0200178,Nguyễn Ngọc Linh Đan,11,10,2002,9.20,6.50,-1,6.75,-1,-1,-1,6.50,7.75,-1,7.80,0200179,Phan Vũ Quỳnh Đan,23,08,2002,8.60,7.00,-1,7.08,-1,-1,-1,6.50,7.75,-1,9.20,0200180,Trần Nguyễn Thanh Đan,15,02,2002,7.00,6.00,6.08,-1,5.50,5.50,7.25,-1,-1,-1,4.20,0200181,Lê Võ Trúc Đào,20,02,2002,8.60,6.50,-1,5.83,-1,-1,-1,3.50,6.75,-1,5.60,0200182,Bùi Phát Đạt,17,05,2002,7.00,7.00,7,-1,6.50,7.00,7.50,-1,-1,-1,7.80,0200183,Bùi Tấn Đạt,19,04,2002,7.80,7.50,-1,5.67,-1,-1,-1,4.50,7.00,-1,8.80,0200184,Châu Tấn Đạt,14,11,2002,8.40,4.25,-1,6.33,-1,-1,-1,6.50,7.50,-1,8.80,0200185,Dương Tấn Đạt,16,05,2002,8.40,6.25,-1,6.42,-1,-1,-1,4.75,8.25,-1,7.20,0200186,Huỳnh Phát Đạt,31,05,2002,7.80,7.25,-1,5.58,-1,-1,-1,5.25,6.75,-1,6.60,0200187,Lê Tất Thành Đạt,18,10,2002,8.20,6.50,-1,6.83,-1,-1,-1,5.00,8.25,-1,5.20,0200188,Lương Thành Đạt,16,08,2002,8.40,7.50,-1,6.25,-1,-1,-1,5.25,8.00,-1,8.20,0200189,Mai Thành Đạt,26,12,2002,8.20,5.75,-1,5.75,-1,-1,-1,5.75,6.75,-1,6.80,0200190,Nguyễn Lê Đạt,20,06,2002,7.80,6.00,-1,5,-1,-1,-1,5.00,5.50,-1,8.40,0200191,Nguyễn Thành Đạt,12,11,2002,9.20,6.00,-1,6.5,-1,-1,-1,4.75,7.25,-1,6.60,0200192,Nguyễn Tiến Đạt,04,09,2002,8.40,4.75,-1,5.25,-1,-1,-1,3.50,7.25,-1,7.40,0200193,Thái Tấn Đạt,15,01,2002,7.60,6.25,-1,5.92,-1,-1,-1,5.75,6.75,-1,7.60,0200194,Trương Tiến Đạt,26,08,2002,7.40,6.75,-1,6.75,-1,-1,-1,6.50,6.25,-1,7.20,0200195,Vũ Thành Đạt,16,10,2002,8.20,7.50,-1,7,-1,-1,-1,6.25,7.00,-1,7.00,0200196,Lê Mạnh Quang Đăng,10,10,2002,8.20,7.00,-1,6,-1,-1,-1,5.00,7.00,-1,6.60,0200197,Lữ Quốc Đăng,03,04,2002,5.40,5.75,5.17,-1,3.75,5.25,6.50,-1,-1,-1,3.20,0200198,Nguyễn Thanh Đăng,20,04,2002,5.20,7.00,-1,5.58,-1,-1,-1,5.00,7.00,-1,6.20,0200199,Ninh Hải Đăng,16,07,2002,8.60,7.50,-1,5.58,-1,-1,-1,3.50,8.25,-1,8.40,0200200,Phạm Huỳnh Đăng,24,09,2002,7.40,7.00,7.83,-1,8.25,7.25,8.00,-1,-1,-1,9.20,0200201,Trịnh Kim Hải Đăng,08,01,2002,7.80,7.00,-1,4.67,-1,-1,-1,5.00,3.50,-1,7.80,0200202,Lê Hồ Điệp,24,01,2002,8.00,6.75,9.25,-1,9.25,9.00,9.50,-1,-1,-1,6.40,0200203,Nguyễn Lê Vân Đình,18,09,2002,7.60,7.00,5.75,-1,3.50,6.75,7.00,-1,-1,-1,6.20,0200204,Trần Chánh Quốc Định,20,11,2002,7.60,6.50,-1,7.08,-1,-1,-1,5.25,7.75,-1,6.20,0200205,Hồng Việt Minh Đoan,08,05,2002,7.80,6.75,-1,6.67,-1,-1,-1,7.00,5.75,-1,6.60,0200206,Lê Văn Phổ Độ,08,07,2002,8.20,6.00,-1,7.25,-1,-1,-1,6.25,7.75,-1,7.20,0200207,Vũ Lâm Đông Đông,11,12,2002,7.60,6.75,-1,7.25,-1,-1,-1,5.00,8.25,-1,6.60,0200208,Bùi Hữu Đức,28,02,2002,8.20,6.75,-1,6.33,-1,-1,-1,5.50,7.50,-1,8.20,0200209,Dương Huỳnh Đức,26,12,2002,7.80,5.50,-1,5.75,-1,-1,-1,6.00,4.50,-1,7.00,0200210,Đinh Anh Đức,16,02,2002,9.00,6.75,7.67,-1,7.50,7.25,8.25,-1,-1,-1,8.80,0200211,Lê Minh Đức,28,12,2001,9.00,7.00,-1,7.25,-1,-1,-1,6.00,7.75,-1,7.60,0200212,Mã Minh Đức,06,10,2002,5.80,6.00,6.42,-1,6.25,6.00,7.00,-1,-1,-1,4.60,0200213,Nguyễn Minh Đức,11,03,2002,8.20,6.00,-1,5.92,-1,-1,-1,4.25,6.75,-1,5.60,0200214,Nguyễn Quang Đức,19,10,2002,8.00,7.00,7.67,-1,6.75,7.75,8.50,-1,-1,-1,8.40,0200215,Phan Hiển Minh Đức,28,06,2002,8.60,9.00,8.92,-1,9.25,8.75,8.75,-1,-1,-1,6.00,0200216,Tạ Anh Đức,14,02,2002,9.20,6.75,-1,7.25,-1,-1,-1,5.50,7.75,-1,-1,0200217,Trần Ngô Minh Đức,07,08,2002,9.20,4.00,-1,6.42,-1,-1,-1,6.50,7.25,-1,8.20,0200218,Trịnh Di Đức,17,12,2002,8.20,6.50,-1,7.58,-1,-1,-1,7.25,7.50,-1,6.00,0200219,Trịnh Hoàng Anh Đức,04,11,2002,8.20,6.50,-1,5.58,-1,-1,-1,4.25,7.25,-1,7.80,0200220,Du Thành Được,06,10,2002,6.60,5.50,-1,5.75,-1,-1,-1,5.50,6.00,-1,3.00,0200221,Lương Gia Gia,04,05,2002,8.00,6.75,-1,6.25,-1,-1,-1,6.25,5.25,-1,8.80,0200222,Nguyễn Hứa Quỳnh Giang,10,08,2002,8.60,7.50,-1,6.08,-1,-1,-1,5.25,7.50,-1,8.80,0200223,Nguyễn Minh Giang,28,04,2002,6.80,7.00,-1,6.58,-1,-1,-1,5.50,6.50,-1,8.20,0200224,Nguyễn Thị Trúc Giang,09,08,2002,7.60,7.75,7.58,-1,6.75,7.50,8.50,-1,-1,-1,8.20,0200225,Nguyễn Trường Giang,10,11,2002,7.80,7.25,-1,6.17,-1,-1,-1,5.75,6.75,-1,7.20,0200226,Phạm Hồng Quỳnh Giang,16,07,2002,8.20,6.00,-1,6.92,-1,-1,-1,7.50,5.50,-1,6.00,0200227,Trần Lâm Thùy Giang,19,06,2002,8.60,7.00,-1,5.33,-1,-1,-1,4.25,6.50,-1,6.60,0200228,Võ Trà Giang,17,04,2002,8.00,4.75,-1,6.58,-1,-1,-1,5.00,7.75,-1,6.80,0200229,Phạm Ngọc Ngân Hà,18,06,2002,6.40,7.00,7.67,-1,5.50,8.25,9.25,-1,-1,-1,7.20,0200230,Trần Thu Hà,20,04,2002,8.80,8.00,-1,6.58,-1,-1,-1,4.25,8.00,-1,8.40,0200231,Võ Nguyễn Hạnh Hà,20,10,2002,8.60,8.00,-1,7.67,-1,-1,-1,7.50,7.00,-1,8.40,0200232,Đào Đức Hải,29,03,2002,7.20,6.25,8.75,-1,9.00,8.25,9.00,-1,-1,-1,8.80,0200233,Huỳnh Quang Hải,22,04,2002,6.60,7.75,-1,5.17,-1,-1,-1,5.00,5.50,-1,6.20,0200234,Lâm Ngọc Thanh Hải,16,06,2002,6.80,7.50,-1,3.83,-1,-1,-1,2.75,3.25,-1,7.80,0200235,Lê Hải,14,04,2002,5.00,6.75,5.83,-1,4.75,5.50,7.25,-1,-1,-1,2.20,0200236,Lê Nhật Hải,22,11,2002,8.40,6.00,-1,6.25,-1,-1,-1,5.00,7.75,-1,8.00,0200237,Lê Thanh Hải,19,05,2002,8.00,6.50,-1,6.42,-1,-1,-1,4.50,7.25,-1,7.40,0200238,Nguyễn Trọng Hải,23,12,2002,7.40,7.25,-1,4.67,-1,-1,-1,5.00,3.75,-1,4.40,0200239,Phan Thanh Hải,18,05,2002,8.40,6.75,8.58,-1,8.50,8.25,9.00,-1,-1,-1,7.40,0200240,Trần Văn Hải,06,11,2002,8.80,6.50,-1,6.67,-1,-1,-1,5.50,7.75,-1,7.40,0200241,Vũ Hoàng Hải,30,08,2002,6.00,5.50,7,-1,5.50,7.00,8.50,-1,-1,-1,7.40,0200242,Vũ Viết Hải,30,10,2002,7.20,5.50,-1,6.42,-1,-1,-1,7.50,5.00,-1,6.60,0200243,Vương Hồng Hạnh,12,06,2002,9.20,4.25,-1,7.42,-1,-1,-1,6.25,7.75,-1,6.00,0200244,Kiều Quốc Hào,03,07,2002,8.60,7.25,-1,7,-1,-1,-1,7.25,7.75,-1,6.20,0200245,Lâm Nhật Hào,07,06,2002,4.40,5.25,7,-1,4.75,8.25,8.00,-1,-1,-1,3.60,0200246,Lý Vỹ Hào,18,09,2002,7.80,5.75,-1,6.25,-1,-1,-1,6.25,6.75,-1,5.20,0200247,Nguyễn Nhật Hào,30,04,2002,8.00,6.25,-1,6,-1,-1,-1,4.50,6.00,-1,5.00,0200248,Thái Nhựt Hào,27,05,2002,8.60,7.00,-1,6.08,-1,-1,-1,5.25,6.75,-1,5.80,0200249,Lâm Thanh Hằng,05,07,2002,8.00,7.75,-1,5.33,-1,-1,-1,2.75,7.00,-1,4.60,0200250,Lê Nguyễn Mỹ Hằng,30,10,2002,7.40,7.25,7.33,-1,5.25,7.75,9.00,-1,-1,-1,7.00,0200251,Nguyễn Minh Hằng,15,10,2002,6.80,6.00,7.33,-1,6.00,7.25,8.75,-1,-1,-1,6.60,0200252,Nguyễn Phạm Thuận Hằng,10,04,2002,7.40,7.75,7.92,-1,7.50,8.00,8.25,-1,-1,-1,7.60,0200253,Nguyễn Thị Minh Hằng,26,02,2002,8.00,6.25,6.67,-1,6.25,5.00,8.75,-1,-1,-1,7.00,0200254,Nguyễn Thị Thúy Hằng,18,02,2002,7.80,6.75,-1,6.75,-1,-1,-1,4.75,7.00,-1,7.20,0200255,Trần Thị Thúy Hằng,07,11,2002,8.20,8.25,7.58,-1,7.50,7.50,7.75,-1,-1,-1,6.00,0200256,Hoàng Trần Ngọc Hân,22,10,2002,7.00,7.25,6.17,-1,5.00,6.00,7.50,-1,-1,-1,7.20,0200257,Hồ Gia Hân,05,03,2002,7.40,7.25,-1,6.08,-1,-1,-1,5.50,7.75,-1,8.40,0200258,Huỳnh Đặng Bảo Hân,22,12,2002,8.60,7.75,7.33,-1,7.75,7.25,7.00,-1,-1,-1,9.20,0200259,Kim Gia Hân,22,11,2002,8.00,6.25,-1,6.25,-1,-1,-1,5.00,7.00,-1,5.20,0200260,Lâm Gia Hân,26,11,2002,7.20,6.75,-1,5.42,-1,-1,-1,5.75,5.75,-1,4.80,0200261,Lâm Ngọc Hân,22,11,2002,7.80,6.25,-1,6.33,-1,-1,-1,5.25,7.50,-1,7.20,0200262,Lê Ngọc Gia Hân,22,01,2002,8.00,6.50,-1,7.08,-1,-1,-1,8.00,6.00,-1,8.00,0200263,Lê Thanh Hân,30,03,2002,6.80,6.50,-1,5.42,-1,-1,-1,5.00,6.50,-1,7.20,0200264,Lê Vũ Gia Hân,21,03,2002,7.20,8.00,6.83,-1,4.75,7.75,8.00,-1,-1,-1,7.60,0200265,Ngô Bảo Hân,31,01,2002,8.20,8.00,7.42,-1,7.00,7.25,8.00,-1,-1,-1,8.40,0200266,Ngô Ngọc Gia Hân,17,01,2002,9.00,6.50,-1,6.08,-1,-1,-1,5.25,5.25,-1,6.00,0200267,Nguyễn Hoàng Bảo Hân,08,06,2002,7.60,7.25,5.42,-1,3.25,6.25,6.75,-1,-1,-1,8.40,0200268,Nguyễn Hồ Khả Hân,21,10,2002,8.60,6.75,-1,6.58,-1,-1,-1,5.25,6.50,-1,8.60,0200269,Nguyễn Lê Ngọc Hân,27,03,2002,7.40,4.25,-1,6.75,-1,-1,-1,7.25,4.50,-1,5.80,0200270,Nguyễn Ngọc Hân,04,11,2002,8.20,8.00,6.83,-1,5.50,7.75,7.25,-1,-1,-1,6.20,0200271,Nguyễn Ngọc Hân,24,08,2002,8.20,8.25,-1,6.83,-1,-1,-1,6.75,6.50,-1,6.00,0200272,Nguyễn Ngọc Minh Hân,17,07,2002,8.00,8.00,-1,5.58,-1,-1,-1,4.50,6.50,-1,8.20,0200273,Nguyễn Ngọc Phương Hân,23,03,2002,8.00,7.50,-1,5,-1,-1,-1,4.75,5.25,-1,7.60,0200274,Nguyễn Thục Bảo Hân,20,12,2002,7.60,8.25,7.92,-1,6.75,8.25,8.75,-1,-1,-1,9.60,0200275,Nguyễn Việt Gia Hân,17,10,2002,8.20,6.50,-1,6.25,-1,-1,-1,5.00,7.50,-1,8.60,0200276,Phạm Thụy Gia Hân,20,11,2002,6.40,7.25,-1,6.08,-1,-1,-1,6.00,7.75,-1,5.60,0200277,Phùng Gia Hân,21,04,2002,8.80,7.50,-1,4.58,-1,-1,-1,4.25,5.75,-1,8.00,0200278,Quách Bảo Hân,30,04,2002,8.00,7.00,-1,6.92,-1,-1,-1,6.25,7.50,-1,6.40,0200279,Tạ Vũ Ngọc Hân,17,11,2002,9.60,6.75,-1,7.92,-1,-1,-1,6.25,8.75,-1,7.80,0200280,Tô Bội Hân,30,08,2002,7.40,7.25,-1,6,-1,-1,-1,5.50,6.50,-1,4.80,0200281,Trần Gia Hân,03,05,2002,8.20,7.50,7.25,-1,5.50,7.50,8.75,-1,-1,-1,5.40,0200282,Trần Hoàng Bảo Hân,27,05,2002,8.40,7.50,6.67,-1,5.00,6.75,8.25,-1,-1,-1,7.80,0200283,Trần Lê Ngọc Gia Hân,30,10,2002,8.60,7.75,-1,7.42,-1,-1,-1,6.75,8.75,-1,8.80,0200284,Trần Ngọc Khả Hân,17,05,2002,7.80,7.00,-1,6.75,-1,-1,-1,7.50,6.50,-1,6.80,0200285,Nhang Thị Mỹ Hậu,09,06,2002,8.00,8.00,-1,6.92,-1,-1,-1,6.25,6.00,-1,7.60,0200286,Lê Thị Thúy Hiền,22,03,2002,6.00,4.25,6.17,-1,3.75,6.25,8.50,-1,-1,-1,4.80,0200287,Nguyễn Thị Ngọc Hiền,15,01,2002,6.40,7.75,6.83,-1,5.75,6.50,8.25,-1,-1,-1,7.20,0200288,Nguyễn Thị Thanh Hiền,16,02,2002,8.60,8.25,-1,7.17,-1,-1,-1,5.75,8.25,-1,8.60,0200289,Trần Ngọc Tuấn Hiền,25,02,2002,7.60,6.50,-1,5.25,-1,-1,-1,4.25,5.50,-1,4.80,0200290,Trần Thu Hiền,09,11,2002,8.20,8.50,-1,6,-1,-1,-1,6.00,7.50,-1,8.80,0200291,Nguyễn Hiển,19,01,2002,7.20,7.25,-1,5.92,-1,-1,-1,5.00,5.00,-1,5.40,0200292,Vương Quang Hiển,31,03,2002,8.60,5.75,-1,5.75,-1,-1,-1,5.50,5.75,-1,9.40,0200293,Vũ Hoàng Hiệp,04,08,2002,8.20,6.50,-1,6,-1,-1,-1,4.75,6.75,-1,4.80,0200294,Đinh Quang Hiếu,01,12,2002,7.60,5.50,6.5,-1,4.25,7.00,8.25,-1,-1,-1,4.20,0200295,Lâm Nhật Hiếu,29,10,2002,7.40,7.50,-1,6.92,-1,-1,-1,5.75,7.25,-1,7.20,0200296,Nguyễn Ngọc Kim Hiếu,29,07,2002,8.00,8.25,-1,5.25,-1,-1,-1,5.50,6.50,-1,8.20,0200297,Nguyễn Thanh Hiếu,22,02,2002,6.40,5.50,5.92,-1,4.25,6.50,7.00,-1,-1,-1,5.60,0200298,Nguyễn Thị Ngọc Hiếu,31,08,2002,8.00,7.25,-1,5.92,-1,-1,-1,6.25,6.00,-1,5.60,0200299,Nguyễn Trần Trung Hiếu,03,10,2002,6.00,6.75,8.17,-1,7.25,8.25,9.00,-1,-1,-1,6.20,0200300,Nguyễn Trọng Hiếu,13,02,2002,6.60,6.50,-1,4.83,-1,-1,-1,5.50,4.00,-1,5.60,0200301,Phan Huỳnh Trung Hiếu,10,11,2002,8.20,5.50,-1,6.25,-1,-1,-1,5.25,7.25,-1,8.60,0200302,Võ Trọng Hiếu,09,02,2002,7.40,6.50,-1,7.58,-1,-1,-1,7.25,7.50,-1,5.80,0200303,Vũ Minh Hiếu,12,07,2002,7.60,7.50,-1,5.17,-1,-1,-1,4.50,5.00,-1,-1,0200304,Dương Bửu Hoa,07,04,2002,7.80,5.50,-1,6.17,-1,-1,-1,4.50,6.50,-1,5.00,0200305,Nguyễn Thị Tứ Hoa,02,02,2002,8.40,8.50,-1,6.83,-1,-1,-1,5.25,7.00,-1,8.60,0200306,Hà Viễn Hòa,12,07,2002,8.60,6.00,-1,6.67,-1,-1,-1,5.50,7.50,-1,5.40,0200307,Nguyễn Xuân Hòa,17,04,2002,6.80,6.00,-1,5.83,-1,-1,-1,5.50,5.75,-1,6.80,0200308,Nguyễn Thế Hoàn,03,03,2002,9.00,6.75,-1,5.08,-1,-1,-1,4.00,7.50,-1,8.40,0200309,Nguyễn Xuân Khải Hoàn,25,01,2002,7.20,7.50,-1,6.5,-1,-1,-1,6.00,5.75,-1,8.80,0200310,Đinh Minh Hoàng,28,10,2002,7.40,5.00,-1,6.25,-1,-1,-1,7.00,5.00,-1,5.00,0200311,Đinh Sơn Hoàng,26,05,2002,8.80,5.75,-1,5.58,-1,-1,-1,3.25,7.75,-1,6.60,0200312,Đoàn Trần Việt Hoàng,15,04,2002,8.80,6.50,-1,6.33,-1,-1,-1,5.75,8.50,-1,8.40,0200313,Đỗ Đức Hoàng,30,09,2002,8.40,6.75,-1,5.92,-1,-1,-1,3.75,8.50,-1,8.00,0200314,Hoàng Minh Hoàng,12,01,2002,7.00,6.50,-1,5.83,-1,-1,-1,6.00,4.75,-1,6.00,0200315,Huỳnh Minh Hoàng,15,01,2002,8.20,4.75,-1,5.42,-1,-1,-1,4.50,4.25,-1,6.60,0200316,Lê Phan Hoàng,26,02,2002,7.00,5.25,-1,6.25,-1,-1,-1,6.50,7.00,-1,8.20,0200317,Nguyễn Thanh Hoàng,19,07,2002,6.20,5.75,6.92,-1,5.00,8.00,7.75,-1,-1,-1,4.40,0200318,Phạm Nhật Hoàng,20,07,2002,8.80,6.75,-1,5.92,-1,-1,-1,4.25,7.50,-1,8.60,0200319,Tôn Thất Minh Hoàng,29,11,2002,7.40,5.50,5.75,-1,2.25,7.25,7.75,-1,-1,-1,6.80,0200320,Phạm Giang Hồng,26,02,2002,6.60,6.75,8,-1,7.50,8.00,8.50,-1,-1,-1,6.60,0200321,Phạm Nguyễn Thiên Hồng,06,05,2002,8.20,6.75,-1,6.83,-1,-1,-1,8.00,5.00,-1,6.00,0200322,Trương Quốc Huệ,10,08,2002,8.40,7.50,-1,7.17,-1,-1,-1,4.75,8.75,-1,8.60,0200323,Phạm Cao Hùng,02,06,2002,8.60,6.25,-1,6.58,-1,-1,-1,5.50,6.75,-1,5.80,0200324,Trần Thanh Hùng,09,09,2002,7.00,6.50,-1,4.92,-1,-1,-1,4.25,6.25,-1,4.80,0200325,Dương Nguyễn Bảo Huy,27,08,2002,6.80,5.50,6.25,-1,5.00,6.75,7.00,-1,-1,-1,3.20,0200326,Đào Đức Huy,27,03,2002,8.60,6.25,-1,7,-1,-1,-1,5.25,8.00,-1,4.80,0200327,Đặng Quốc Huy,12,06,2002,8.60,6.50,-1,7.17,-1,-1,-1,5.00,8.00,-1,4.80,0200328,Đoàn Thanh Huy,05,02,2002,8.60,6.50,-1,6.08,-1,-1,-1,6.25,7.00,-1,6.40,0200329,Đỗ Đặng Quốc Huy,15,05,2002,5.40,5.75,5.83,-1,3.50,7.75,6.25,-1,-1,-1,3.20,0200330,Đỗ Minh Huy,09,02,2002,7.20,5.00,-1,6.5,-1,-1,-1,3.50,7.50,-1,6.20,0200331,Hoàng Gia Huy,16,09,2002,8.60,7.00,-1,7,-1,-1,-1,6.00,7.75,-1,6.00,0200332,Hoàng Quang Huy,12,04,2002,7.60,7.00,-1,7.42,-1,-1,-1,7.00,7.75,-1,6.60,0200333,Hồ Tiến Huy,27,05,2002,7.60,7.25,-1,5.33,-1,-1,-1,3.00,6.25,-1,8.20,0200334,Khắc Ngọc Huy,16,09,2002,7.40,7.75,-1,6.33,-1,-1,-1,6.50,5.50,-1,6.00,0200335,La Gia Huy,24,01,2002,8.20,7.25,6.92,-1,6.00,6.00,8.75,-1,-1,-1,4.80,0200336,Lâm Huy,04,02,2002,6.60,3.75,-1,4.67,-1,-1,-1,2.50,5.75,-1,5.60,0200337,Lê Quang Huy,29,09,2002,8.00,4.50,-1,4.67,-1,-1,-1,4.25,5.50,-1,7.40,0200338,Lợi Cẩm Huy,28,09,2002,9.20,5.50,-1,7.42,-1,-1,-1,5.75,8.25,-1,5.60,0200339,Lương Gia Huy,23,07,2002,8.40,6.50,-1,5.08,-1,-1,-1,3.75,7.00,-1,4.80,0200340,Ngô Hoàng Huy,05,03,2002,9.40,8.00,-1,6.5,-1,-1,-1,6.00,7.25,-1,9.00,0200341,Nguyễn Công Huy,09,10,2002,8.20,7.25,-1,5.17,-1,-1,-1,4.75,6.75,-1,5.20,0200342,Nguyễn Hoàng Gia Huy,30,12,2002,8.40,7.50,-1,6.17,-1,-1,-1,4.75,8.00,-1,6.80,0200343,Nguyễn Thanh Huy,25,06,2002,7.60,7.50,-1,5.25,-1,-1,-1,4.75,7.25,-1,4.40,0200344,Nguyễn Tuấn Huy,03,02,2001,8.00,5.25,-1,5.75,-1,-1,-1,3.75,6.50,-1,6.60,0200345,Phạm Hoàng Quốc Huy,06,04,2002,7.80,7.75,-1,6.75,-1,-1,-1,7.25,6.50,-1,7.20,0200346,Phan Minh Huy,12,01,2002,8.80,7.25,-1,6.42,-1,-1,-1,4.50,7.25,-1,7.60,0200347,Quách Đỗ Gia Huy,18,11,2002,7.80,5.75,-1,6.75,-1,-1,-1,5.50,7.75,-1,7.40,0200348,Trần Hoàng Gia Huy,04,03,2002,6.00,6.50,6.08,-1,4.50,6.00,7.75,-1,-1,-1,6.80,0200349,Trịnh Quốc Huy,24,09,2001,8.60,7.00,-1,6.5,-1,-1,-1,5.25,7.00,-1,7.00,0200350,Trương Ngọc Huy,13,06,2002,7.80,5.75,7.83,-1,6.75,8.25,8.50,-1,-1,-1,4.80,0200351,Từ Gia Huy,14,01,2002,8.60,6.50,-1,7.08,-1,-1,-1,7.50,6.25,-1,6.20,0200352,Võ Đức Huy,27,02,2002,8.20,7.75,5.92,-1,4.00,6.25,7.50,-1,-1,-1,7.80,0200353,Vũ Quang Huy,25,01,2002,7.40,7.00,-1,4.83,-1,-1,-1,5.25,4.50,-1,5.60,0200354,Đỗ Đăng Huỳnh,10,11,2002,6.40,7.50,-1,7,-1,-1,-1,6.00,7.00,-1,6.40,0200355,Bùi Tuấn Hưng,10,12,2002,8.40,7.75,8.08,-1,7.75,8.25,8.25,-1,-1,-1,8.80,0200356,Nguyễn Khánh Hưng,29,09,2002,8.20,7.25,7.42,-1,7.50,6.50,8.25,-1,-1,-1,6.80,0200357,Nguyễn Tấn Hưng,03,09,2002,7.80,6.00,-1,5.92,-1,-1,-1,4.00,5.75,-1,8.20,0200358,Nguyễn Tiến An Hưng,11,03,2002,8.80,6.50,-1,5.08,-1,-1,-1,3.75,7.75,-1,8.20,0200359,Nguyễn Tiến Hưng,20,10,2002,4.60,5.75,5.75,-1,3.25,6.75,7.25,-1,-1,-1,4.60,0200360,Trương Gia Hưng,09,03,2002,7.20,5.75,-1,4.75,-1,-1,-1,4.75,5.50,-1,6.20,0200361,Văn Công Gia Hưng,05,01,2002,8.60,5.75,-1,7,-1,-1,-1,6.25,7.75,-1,7.40,0200362,Vi Tấn Hưng,23,04,2002,8.80,6.50,-1,7.17,-1,-1,-1,6.50,7.75,-1,7.00,0200363,Đặng Ngọc Quỳnh Hương,24,07,2002,7.80,6.50,-1,5.75,-1,-1,-1,6.75,4.50,-1,5.60,0200364,Đỗ Lan Hương,03,10,2002,8.20,6.25,-1,6.58,-1,-1,-1,5.75,5.75,-1,6.20,0200365,Đỗ Thu Hương,03,12,2002,5.40,8.00,8.33,-1,8.00,8.00,9.00,-1,-1,-1,5.40,0200366,Hồ Thị Huyền Hương,16,08,2002,6.80,6.50,7.67,-1,6.00,8.50,8.50,-1,-1,-1,4.00,0200367,Lý Thị Thu Hương,21,03,2002,8.00,6.50,-1,6.17,-1,-1,-1,4.75,8.50,-1,6.80,0200368,Nguyễn Huỳnh Thảo Hương,18,01,2002,8.20,5.75,-1,6.67,-1,-1,-1,6.50,7.25,-1,6.00,0200369,Nguyễn Ngọc Thiên Hương,04,12,2002,6.80,6.25,-1,5.92,-1,-1,-1,6.50,4.00,-1,7.20,0200370,Phạm Lan Hương,05,09,2002,7.80,8.00,-1,6.75,-1,-1,-1,5.00,7.50,-1,6.40,0200371,Nguyễn Minh Hữu,28,08,2002,8.20,6.50,-1,6,-1,-1,-1,5.25,6.75,-1,7.40,0200372,Cao Khánh Gia Hy,12,05,2002,8.20,7.75,6.58,-1,4.00,7.25,8.50,-1,-1,-1,7.80,0200373,Lanaras Iason,17,03,2002,6.80,6.00,-1,3.75,-1,-1,-1,4.00,4.50,-1,6.40,0200374,Bùi Anh Kent,08,10,2002,9.60,7.00,-1,6.92,-1,-1,-1,6.50,8.00,-1,9.40,0200375,Hồ Ngọc Anh Kha,29,09,2002,7.40,6.50,-1,5.25,-1,-1,-1,4.75,4.75,-1,7.00,0200376,Huỳnh Hoàng Kha,16,12,2002,9.00,6.50,-1,7.25,-1,-1,-1,6.00,7.50,-1,-1,0200377,Lê Hữu Hoàng Kha,25,12,2002,5.80,4.00,5.92,-1,4.75,7.00,6.00,-1,-1,-1,4.60,0200378,Dương Hoàng Tuấn Khải,16,05,2002,6.20,6.25,6.92,-1,5.50,7.25,8.00,-1,-1,-1,5.80,0200379,Huỳnh Tuấn Khải,10,09,2002,6.40,3.75,4.92,-1,3.50,4.25,7.00,-1,-1,-1,4.40,0200380,Nguyễn Duy Khải,16,12,2002,7.60,6.25,-1,6,-1,-1,-1,6.25,6.00,-1,7.20,0200381,Trần Mạnh Khải,10,04,2002,7.40,5.75,-1,5.83,-1,-1,-1,5.75,5.50,-1,4.60,0200382,Huỳnh Trần Duy Khang,05,12,2002,5.60,5.75,5.58,-1,3.75,5.75,7.25,-1,-1,-1,6.20,0200383,Huỳnh Võ Phú Khang,06,11,2002,8.40,7.00,-1,6.08,-1,-1,-1,4.25,7.00,-1,8.00,0200384,Lâm Hoàng Duy Khang,12,09,2002,8.00,8.00,-1,6.83,-1,-1,-1,6.50,7.50,-1,7.80,0200385,Lâm Nhĩ Khang,06,07,2002,7.80,6.50,-1,6.92,-1,-1,-1,6.00,7.25,-1,7.60,0200386,Lý Thái Khang,15,10,2001,7.80,7.00,-1,6.17,-1,-1,-1,6.00,5.50,-1,6.40,0200387,Nguyễn Đặng Trí Khang,26,02,2002,8.60,8.00,-1,6,-1,-1,-1,7.50,4.00,-1,7.80,0200388,Nguyễn Tấn Khang,02,03,2002,7.80,7.50,-1,7.75,-1,-1,-1,6.75,7.25,-1,6.40,0200389,Nguyễn Thái An Khang,01,05,2002,7.00,4.25,-1,5.75,-1,-1,-1,6.00,6.50,-1,5.20,0200390,Thái Nguyễn Quang Nhật Khang,09,07,2002,7.80,6.50,-1,6.83,-1,-1,-1,6.75,6.25,-1,5.80,0200391,Lê Tuấn Khanh,26,05,2002,9.20,5.75,-1,6.67,-1,-1,-1,6.75,5.75,-1,5.40,0200392,Trần Ngọc Yến Khanh,29,07,2002,8.20,7.25,-1,6.5,-1,-1,-1,5.75,7.00,-1,6.00,0200393,Dương Nguyễn Gia Khánh,20,09,2002,8.80,5.75,-1,6.33,-1,-1,-1,4.25,6.50,-1,6.40,0200394,Hồ Đại Khánh,28,04,2002,7.20,5.75,-1,6.25,-1,-1,-1,5.75,6.75,-1,6.80,0200395,Lê Quốc Khánh,02,09,2002,7.40,6.25,-1,6.75,-1,-1,-1,5.75,7.25,-1,6.00,0200396,Phạm Quốc Khánh,02,10,2002,9.00,6.00,-1,5.58,-1,-1,-1,4.00,8.00,-1,7.40,0200397,Trần Nam Khánh,20,12,2002,8.40,6.25,-1,7.17,-1,-1,-1,5.50,7.75,-1,7.40,0200398,Võ Ngọc Kim Khánh,11,09,2002,7.00,7.00,-1,6.17,-1,-1,-1,7.50,3.00,-1,4.60,0200399,Vũ Minh Khánh,10,01,2002,7.80,5.75,-1,6.25,-1,-1,-1,6.75,7.75,-1,6.60,0200400,Phạm Gia Khiêm,20,06,2002,7.80,6.50,-1,6.17,-1,-1,-1,6.50,5.75,-1,9.00,0200401,Lê Hoàng Phúc,26,04,2002,6.40,6.25,6.33,-1,6.25,5.50,7.25,-1,-1,-1,8.40,0200402,Nguyễn Biện Thiên Phúc,01,08,2002,7.20,5.50,6.33,-1,4.50,6.50,8.00,-1,-1,-1,5.80,0200403,Nguyễn Hoàng Phúc,29,10,2002,6.20,5.50,5.42,-1,4.25,4.75,7.25,-1,-1,-1,3.00,0200404,Phạm Hoàng Phúc,25,07,2002,4.20,2.00,6.08,-1,5.00,6.25,7.00,-1,-1,-1,3.80,0200405,Phạm Trần Thiên Phúc,28,06,2002,7.80,7.25,7,-1,6.00,7.25,7.75,-1,-1,-1,6.40,0200406,Phan Gia Phúc,21,01,2002,6.00,6.00,6.58,-1,5.25,6.00,8.50,-1,-1,-1,8.00,0200407,Trần Tấn Phúc,26,01,2002,8.80,8.50,8.42,-1,7.50,8.25,9.50,-1,-1,-1,7.20,0200408,Cao Xuân Hồng Phương,01,10,2002,7.80,7.00,-1,6,-1,-1,-1,5.25,5.25,-1,7.80,0200409,Đào Nguyên Nhật Phương,07,11,2002,6.00,7.50,7.58,-1,6.00,7.75,9.00,-1,-1,-1,6.60,0200410,Đỗ Hiền Phương,14,08,2002,9.20,7.75,-1,7.42,-1,-1,-1,6.25,8.00,-1,7.40,0200411,Lê Nguyên Phương,25,09,2002,8.00,7.00,8.92,-1,8.25,8.50,-1,-1,-1,-1,9.20,0200412,Nguyễn Đắc Hà Phương,10,11,2002,6.60,6.00,7.33,-1,5.25,7.75,9.00,-1,-1,-1,5.00,0200413,Nguyễn Minh Phương,02,01,2002,7.60,8.25,6.33,-1,4.25,6.75,8.00,-1,-1,-1,6.80,0200414,Nguyễn Thạnh Mai Phương,26,10,2002,7.60,7.75,6.92,-1,6.25,5.75,8.75,-1,-1,-1,5.60,0200415,Đoàn Bảo Thy,20,11,2002,9.00,6.75,-1,7.75,-1,-1,-1,7.25,7.75,-1,7.00,0200416,Đỗ Ngọc Xuân Thy,28,10,2002,9.20,6.50,-1,7,-1,-1,-1,7.00,5.50,-1,4.60,0200417,Hoàng Kim Thy,09,07,2002,8.00,7.00,-1,5.67,-1,-1,-1,5.75,5.25,-1,8.00,0200418,Khưu Hoàng Hồng Thy,03,05,2002,8.00,6.75,-1,6.67,-1,-1,-1,5.25,8.00,-1,5.00,0200419,Lê Hoàng Thy,05,05,2002,8.20,6.75,-1,6.17,-1,-1,-1,6.25,5.50,-1,7.60,0200420,Lê Hoàng Việt Thy,03,11,2002,7.80,6.25,-1,6.5,-1,-1,-1,5.75,7.00,-1,8.20,0200421,Lý Hồng Thy,16,11,2002,7.80,7.75,6.17,-1,4.50,6.75,7.25,-1,-1,-1,6.60,0200422,Mai Ngọc Uyên Thy,20,12,2002,8.80,8.00,7.17,-1,6.25,6.75,8.50,-1,-1,-1,8.20,0200423,Mai Nguyễn Minh Thy,20,08,2002,8.80,7.50,-1,7.17,-1,-1,-1,6.25,7.75,-1,5.80,0200424,Nguyễn Huỳnh Anh Thy,03,12,2002,7.80,8.00,7.67,-1,7.00,6.75,9.25,-1,-1,-1,-1,0200425,Nguyễn Ngọc Minh Thy,25,08,2002,7.00,8.00,6.58,-1,5.50,6.25,8.00,-1,-1,-1,7.40,0200426,Phạm Anh Thy,13,03,2002,7.20,5.75,-1,5.75,-1,-1,-1,5.50,6.00,-1,5.00,0200427,Phạm Minh Thy,28,03,2002,8.40,7.50,7.08,-1,6.25,7.00,8.00,-1,-1,-1,7.80,0200428,Đặng Thị Ngọc Tiên,12,01,2002,8.80,7.75,-1,6.5,-1,-1,-1,7.00,5.75,-1,8.00,0200429,Đỗ Nguyễn Thủy Tiên,14,12,2002,7.60,6.00,-1,7.08,-1,-1,-1,7.25,7.75,-1,6.40,0200430,Huỳnh Mỹ Tiên,22,03,2002,8.80,6.50,-1,6.58,-1,-1,-1,6.25,6.50,-1,6.00,0200431,Huỳnh Thị Thủy Tiên,14,01,2002,8.00,8.00,-1,5.42,-1,-1,-1,4.25,6.50,-1,8.00,0200432,Mai Cẩm Tiên,28,12,2002,8.00,7.00,7.42,-1,6.00,7.50,8.75,-1,-1,-1,8.00,0200433,Nguyễn Lê Ánh Tiên,06,04,2002,8.20,7.00,6.67,-1,4.00,7.25,8.75,-1,-1,-1,6.20,0200434,Nguyễn Phạm Nhật Tiên,27,09,2002,7.60,7.50,7.75,-1,6.50,7.50,9.25,-1,-1,-1,6.20,0200435,Nguyễn Phước Quý Như Tiên,03,09,2001,7.80,6.75,-1,5,-1,-1,-1,4.25,6.75,-1,7.80,0200436,Nguyễn Thị Thủy Tiên,26,11,2002,9.40,7.25,8.17,-1,7.00,8.75,8.75,-1,-1,-1,8.00,0200437,Nguyễn Thủy Tiên,23,05,2002,7.60,6.50,5,-1,3.50,5.50,6.00,-1,-1,-1,3.20,0200438,Phạm Võ Thủy Tiên,21,12,2002,7.40,7.00,6.17,-1,5.50,5.25,7.75,-1,-1,-1,-1,0200439,Hoàng Minh Tiến,28,06,2002,8.20,6.00,-1,5.5,-1,-1,-1,4.00,7.25,-1,8.40,0200440,Hồng Thuận Tiến,01,01,2002,8.40,6.25,-1,7.17,-1,-1,-1,5.00,8.25,-1,7.60,0200441,Huỳnh Lương Tiến,09,05,2002,8.00,6.50,-1,6.25,-1,-1,-1,4.75,6.75,-1,7.40,0200442,Lê Nhật Tiến,06,05,2002,6.20,5.50,-1,4.58,-1,-1,-1,3.50,5.75,-1,8.20,0200443,Lê Thành Tiến,24,12,2002,8.40,6.25,-1,7.17,-1,-1,-1,5.50,8.00,-1,4.60,0200444,Nguyễn Anh Tiến,27,09,2002,8.20,3.50,-1,7.17,-1,-1,-1,5.50,7.50,-1,6.00,0200445,Nguyễn Cao Hoàng Tiến,15,10,2002,6.60,5.00,-1,5.17,-1,-1,-1,5.75,3.75,-1,5.80,0200446,Nguyễn Đức Tiến,24,11,2002,8.60,5.50,-1,7.75,-1,-1,-1,6.75,8.00,-1,5.40,0200447,Nguyễn Minh Tiến,11,05,2002,7.00,5.50,-1,6.58,-1,-1,-1,5.50,7.00,-1,7.80,0200448,Phạm Đình Minh Tiến,05,09,2002,8.80,6.75,-1,7.08,-1,-1,-1,6.00,8.25,-1,7.00,0200449,Tống Quốc Tiến,08,05,2002,6.20,4.75,-1,5.33,-1,-1,-1,6.50,3.50,-1,4.60,0200450,Trần Trọng Tiến,31,10,2002,9.40,7.25,-1,5.83,-1,-1,-1,4.75,6.50,-1,6.00,0200451,Phan Trần Phương Tín,21,02,2002,7.80,6.50,-1,6.5,-1,-1,-1,6.00,6.00,-1,5.80,0200452,Trần Trọng Tín,17,04,2002,7.40,6.75,6.92,-1,4.25,7.75,8.75,-1,-1,-1,5.60,0200453,Nguyễn Thị Tình,13,10,2002,6.60,6.25,-1,4.67,-1,-1,-1,3.75,6.00,-1,3.80,0200454,Châu Tuấn Toàn,22,08,2002,6.40,7.25,7.42,-1,6.75,6.50,9.00,-1,-1,-1,7.00,0200455,Đặng Phước Toàn,22,02,2002,7.20,5.25,-1,6.33,-1,-1,-1,6.00,6.75,-1,6.80,0200456,Nguyễn Phúc Song Toàn,03,09,2002,8.00,5.50,-1,6,-1,-1,-1,5.00,7.00,-1,8.20,0200457,Dương Ngọc Thanh Trà,15,09,2002,7.20,8.00,7.08,-1,5.00,7.75,8.50,-1,-1,-1,7.80,0200458,Hà Phượng Trang,29,11,2002,7.20,6.75,6.92,-1,6.00,6.50,8.25,-1,-1,-1,5.80,0200459,Huỳnh Kim Trang,01,01,2002,7.60,6.75,-1,6,-1,-1,-1,5.75,5.00,-1,5.00,0200460,Lê Nguyễn Thảo Trang,18,11,2002,7.40,7.25,-1,6.17,-1,-1,-1,6.00,7.75,-1,6.00,0200461,Lê Phạm Hoàng Trang,09,12,2002,8.80,6.50,-1,7.25,-1,-1,-1,8.25,5.25,-1,7.00,0200462,Lương Ngọc Thanh Trang,17,01,2002,7.40,6.75,-1,6.5,-1,-1,-1,5.50,7.25,-1,3.80,0200463,Nguyễn Ngọc Bảo Trang,16,12,2002,6.20,6.25,7,-1,5.00,7.00,9.00,-1,-1,-1,5.60,0200464,Nguyễn Ngọc Thùy Trang,09,04,2002,8.20,7.25,-1,5.17,-1,-1,-1,3.75,7.00,-1,3.80,0200465,Phạm Đặng Xuân Trang,29,05,2002,9.00,6.75,-1,6.83,-1,-1,-1,6.75,5.25,-1,4.60,0200466,Phạm Kim Trang,09,06,2002,8.00,6.75,-1,7.75,-1,-1,-1,7.75,7.75,-1,5.80,0200467,Trần Phạm Thảo Trang,17,01,2002,7.60,8.00,-1,5.17,-1,-1,-1,3.25,5.75,-1,7.20,0200468,Trần Thị Thùy Trang,14,01,2002,8.20,6.75,-1,6.08,-1,-1,-1,4.75,6.25,-1,6.60,0200469,Trần Thụy Thiên Trang,23,04,2002,8.40,6.75,-1,6.5,-1,-1,-1,4.75,6.75,-1,7.40,0200470,Trương Hoàng Linh Trang,16,04,2002,7.20,5.00,6.75,-1,5.00,7.25,8.00,-1,-1,-1,6.00,0200471,Võ Thị Đoan Trang,05,06,2002,7.60,7.75,-1,6.08,-1,-1,-1,4.50,7.50,-1,6.20,0200472,Võ Vũ Thùy Trang,19,10,2002,7.80,7.75,8,-1,6.75,8.50,8.75,-1,-1,-1,7.80,0200473,Đinh Bảo Trâm,10,02,2002,7.20,8.00,6.67,-1,4.75,6.75,8.50,-1,-1,-1,-1,0200474,Đỗ Gia Bảo Trâm,18,11,2002,8.20,7.75,7.83,-1,7.75,7.25,8.50,-1,-1,-1,9.00,0200475,Nguyễn Minh Quỳnh Trâm,07,12,2002,8.80,8.00,7.67,-1,6.50,8.00,8.50,-1,-1,-1,8.80,0200476,Nguyễn Phước Hồng Trâm,04,08,2002,8.80,6.25,-1,6.75,-1,-1,-1,7.00,6.50,-1,8.40,0200477,Phan Thị Bích Trâm,17,06,2002,8.00,6.75,-1,6.92,-1,-1,-1,7.50,5.50,-1,6.40,0200478,Phan Thị Bích Trâm,27,02,2002,8.60,6.75,-1,6.92,-1,-1,-1,5.75,7.50,-1,6.20,0200479,Thái Hà Minh Trâm,20,07,2002,7.60,7.25,-1,6.17,-1,-1,-1,4.25,7.25,-1,8.00,0200480,Huỳnh Lê Bảo Trân,26,11,2002,8.40,6.50,-1,5.75,-1,-1,-1,4.75,6.00,-1,6.60,0200481,Lê Quế Trân,11,01,2002,8.60,6.75,-1,7.58,-1,-1,-1,7.00,8.00,-1,7.40,0200482,Ngô Bảo Trân,17,04,2002,8.60,8.25,7.92,-1,7.25,7.75,8.75,-1,-1,-1,7.00,0200483,Nguyễn Bảo Trân,01,07,2002,8.60,7.75,-1,7.42,-1,-1,-1,8.25,5.25,-1,6.60,0200484,Nguyễn Lê Bảo Trân,30,07,2002,8.00,7.75,-1,6.42,-1,-1,-1,4.50,6.50,-1,7.80,0200485,Nguyễn Ngọc Bảo Trân,20,05,2002,7.00,7.00,-1,6.33,-1,-1,-1,6.25,6.25,-1,7.40,0200486,Nguyễn Thùy Ngọc Trân,29,06,2002,8.60,7.50,-1,5.75,-1,-1,-1,4.75,7.00,-1,8.80,0200487,Phạm Lê Huỳnh Trân,15,07,2002,8.20,7.00,-1,7.17,-1,-1,-1,7.75,6.75,-1,5.40,0200488,Phan Nguyễn Bảo Trân,11,11,2002,9.00,8.75,6.83,-1,5.00,6.75,8.75,-1,-1,-1,7.80,0200489,Tăng Đặng Mỹ Trân,22,04,2002,7.20,7.00,6.75,-1,5.25,7.00,8.00,-1,-1,-1,4.20,0200490,Trần Gia Khánh Trân,20,02,2002,6.00,7.75,5.75,-1,3.50,6.00,7.75,-1,-1,-1,4.80,0200491,Trần Tú Trân,19,10,2002,8.20,7.25,-1,6.58,-1,-1,-1,7.00,5.50,-1,5.60,0200492,Trịnh Hoàng Ngọc Trân,25,11,2002,8.00,8.25,-1,5.42,-1,-1,-1,4.25,6.00,-1,8.00,0200493,Vương Bảo Trân,18,05,2002,9.20,8.25,-1,7.42,-1,-1,-1,6.75,8.75,-1,6.20,0200494,Dương Đình Trí,10,10,2002,7.80,7.50,-1,6.58,-1,-1,-1,5.00,8.50,-1,6.60,0200495,Nguyễn Đình Trí,27,01,2002,8.00,7.50,-1,7.42,-1,-1,-1,6.50,7.50,-1,8.80,0200496,Nguyễn Thanh Trí,28,04,2002,8.40,6.25,-1,6.67,-1,-1,-1,4.50,8.50,-1,6.60,0200497,Phạm Nguyễn Trần Trí,19,08,2001,6.20,6.75,-1,4.17,-1,-1,-1,4.50,5.00,-1,3.60,0200498,Tạ Minh Trí,15,02,2002,6.20,6.75,7.42,-1,6.25,7.50,8.50,-1,-1,-1,7.60,0200499,Trần Minh Trí,09,01,2002,5.40,6.50,6.92,-1,5.50,6.25,9.00,-1,-1,-1,5.60,0200500,Trần Thế Trí,13,08,2002,8.00,6.00,-1,6.25,-1,-1,-1,5.75,8.00,-1,3.00,0200501,Võ Nguyên Trí,27,12,2002,7.60,5.50,-1,5.08,-1,-1,-1,4.50,6.75,-1,6.60,0200502,Cao Minh Triết,29,05,2002,7.40,6.25,-1,6,-1,-1,-1,4.75,5.00,-1,4.60,0200503,Lê Minh Triết,01,01,2002,8.20,5.25,-1,4.83,-1,-1,-1,4.75,5.25,-1,8.20,0200504,Nguyễn Hoàng Minh Triết,19,06,2002,8.40,6.00,-1,5,-1,-1,-1,4.50,6.75,-1,8.80,0200505,Võ Minh Triết,17,09,2002,6.80,5.00,-1,5.67,-1,-1,-1,3.75,6.75,-1,7.60,0200506,Bùi Kim Trinh,22,06,2002,8.00,6.50,-1,5.75,-1,-1,-1,4.25,7.25,-1,7.40,0200507,Nguyễn Hoàng Yến Trinh,10,10,2002,6.80,7.00,6.67,-1,5.00,5.75,9.25,-1,-1,-1,7.80,0200508,Nguyễn Lâm Ngọc Trinh,05,05,2002,7.60,7.25,-1,6.25,-1,-1,-1,5.50,6.25,-1,6.60,0200509,Nguyễn Phương Trinh,20,06,2002,8.40,6.75,-1,6.42,-1,-1,-1,5.50,6.75,-1,5.40,0200510,Nguyễn Thị Hồng Trinh,11,01,2002,6.80,8.50,6.58,-1,5.25,6.75,7.75,-1,-1,-1,6.80,0200511,Nguyễn Thị Mai Trinh,23,01,2002,8.20,6.75,7.25,-1,5.75,8.00,8.00,-1,-1,-1,6.60,0200512,Nguyễn Thị Ngọc Trinh,04,09,2002,7.00,8.00,-1,5.08,-1,-1,-1,5.25,5.25,-1,3.40,0200513,Nguyễn Trương Diệu Trinh,16,07,2002,7.00,7.00,-1,6.75,-1,-1,-1,6.00,8.00,-1,5.80,0200514,Phan Tuyết Trinh,04,11,2002,7.60,6.25,5.33,-1,1.75,5.75,8.50,-1,-1,-1,6.80,0200515,Tô Thị Diệu Trinh,01,09,2002,9.00,5.50,-1,6.75,-1,-1,-1,5.00,7.25,-1,7.20,0200516,Trần Văn Trọng,16,12,2002,8.60,7.25,-1,6.67,-1,-1,-1,4.25,7.75,-1,6.20,0200517,Nguyễn Hoàng Trúc,21,03,2002,8.20,8.25,8.75,-1,8.50,8.50,9.25,-1,-1,-1,6.60,0200518,Nguyễn Ngọc Thanh Trúc,23,03,2002,7.80,7.50,-1,6.58,-1,-1,-1,5.50,6.50,-1,5.60,0200519,Nguyễn Thụy Thu Trúc,08,10,2002,7.80,7.50,8.08,-1,7.50,8.00,8.75,-1,-1,-1,6.00,0200520,Trần Nhã Trúc,23,03,2002,7.00,7.50,7.17,-1,5.75,8.00,7.75,-1,-1,-1,7.20,