200521
202776
202833
205380
205472
205733
205820
205876
206091
206300
206364
206544
206712
206720
206904
208746
209196
212503
219593
220755
224536
227212
231588
231948
235434
236693
242067
242972
243577
244668
246177
246483
246496
246651
246766
246771
246788
246810
246841
246998
247031
247122
247241
247273
247304
247486
247636
247834
247843
247856
247865
248225
248271
248279
248397
248424
248427
248592
248660
248701
248723
248858
249069
249090
249104
249164
249234
249312
249383
249663
249763
249775
249891
249971
250378
250476
250488
250516
250526
250540
250576
250642
250649
250722
250809
250814
250899
250959
250978
250984
250985
251006
251072
251181
251191
251234
251422
251468
251472
251495
251615
251616
251736
252013
252030
252089
252314
252373
252591
252663
252711
252791
252856
253000
253106
253259
253593
253699
253860
254235
254306
254374
254508
254733
254787
255119
255200
255290
255296
255606
255683
255803
255829
255912
255930
255986
256020
256032
256105
256139
256186
256190
256238
256273
256291
256298
256333
256350
256377
256393
256782
256823
256865
256871
257014
257294
257410
257496
258404
258498
258518
258789
258938
259095
259163
259740
259751
259769
259774
259807
259852
260462
260492
260536
260610
260652
260656
260660
260730
260738
261813
262212
262236
262391
262440
262898
263109
263114
263179
263180
263181
263207
263272
263653
263707
263716
263752
263754
263825
264369
264704
264783
264990
265104
265323
265604
265877
265995
266106
266212
266835
267172
267291
267316
267371
267383
267401
267446
267467
267550
267563
267659
267672
267698
267762
267909
267971
267996
268089
268119
268156
268174
268178
268243
268287
268365
268382
268427
268453
268548
268550
268627
268667
268702
268732
268846
268970
269028
269043
269066
269156
269290
269362
269397
269843
269990
270203
270870
271102
271574
272480
272549
272755
272823
273036
273372
273477
273556
273964
274135
274254
274281
274367
274607
274719